193899
2803842
4293959
10651627
10826695
11033381
11136818
11149642
11157403
11193600
11234693
11242694
11300209
11356892
11423489
11474247
11485875
11501382
11612645
11737230
11748534
12112334
12162529
12162629
12162699
12162762
12162790
12163082
12163127
12163649
12163669
12163703
12164225
12164253
12164287
12164460
12164489
12164539
12164593
12164813
12164838
12164880
12165730
12165745
12165834
12165938
12165993
12166019
12166052
12166386
12166430
12166465
12166513
12166959
12167050
12167330
12167350
12167388
12167413
12167462
12167513
12167569
12167599
12169152
12169170
12169187
12169292
12169316
12169455
12169503
12169543
12169573
12169589
12169603
12169609
12169632
12169713
12169761
12169804
12169837
12169865
12169900
12170162
12170172
12170192
12170276
12170343
12170387
12170651
12170702
12170742
12170792
12170818
12170843
12171510
12171595
12171655
12171912
12172095
12172113
12172432
12172485
12172840
12172990
12173030
12173060
12173399
12173439
12173474
12174290
12174404
12174554
12174622
12174660
12174674
12174688
12174755
12174771
12174793
12174845
12174889
12174948
12174980
12177253
12177289
12177333
12177419
12178860
12178879
12179342
12180528
12180613
12185026
12185108
12185143
12185448
12202545
12202558
12202575
12202623
12202648
12211629
12211657
12212453
12843210
13000243
13050625
13111748
13326394
13327073
13494437
13519282
13572561
13617355
13659468
14069424
14235817
14299564
14637998
14753734
14753736
14784527
14829452
14923843
14924920
15029126
15178280
15178381
15344753
15417895
15486486
15544174
15546169
15665867
15667890
15672719
15678886
15679326
15751335
15771634
15772669
15776315
16071351
16268453
16995239
17110657
17356658
17661011
17984707
17998010
17998978
17998990
17999035
17999689
17999715
17999719
17999944
17999957
17999966
18000016
18000029
18000047
18000051
18000054
18000093
18000098
18000149
18000163
18000178
18000180
18000184
18000230
18000235
18000238
18000258
18000282
18000301
18000316
18000342
18000345
18000356
18000359
18000372
18000386
18000397
18000421
18000471
18000472
18000473
18000482
18000485
18000492
18000540
18000556
18000559
18000564
18000575
18000581
18000584
18000594
18000609
18000622
18000624
18000636
18000638
18000665
18000699
18000715
18000721
18000725
18000727
18000741
18000744
18000751
18000762
18000765
18000775
18000798
18000802
18000822
18000833
18000858
18000866
18000921
18336641
18534013
18748228
18810960
18810963
18810970
18810973
18810978
18810981
18810983
18810988
18810993
18810994
18810995
18838511
19206885
19246727
19246730
19369861
19689183
20133701
20133859
20133881
20133889
20133893
20133980
20133998
20134007
20134045
20134061
20134150
20134157
20195812
20252483
20297188
20485872
20485875
20485877
20485896
20485974
20485975
20485977
20485978
20486014
20486015
20621057
20667632
20682152
20763001
20764620
20767542
20801154
20801156
20905857
20908730
20914430
20932025
20943638
20953402
20953997
20954023
20984432
20985206
21011226
21011282
21011306
21011413
21011458
21011882
21011991
21012046
21012846
21015078
21018287
21018293
21018928
21022183
21022445
21022597
21023030
21023168
21023998
21025052
21043388
21043839
21043845
21045377
21046060
21058265
21058832
21065049
21065110
21065186
21065190
21108777
21137501
21179406
21194292
21199125
21221696
21221697
21221790
21222013
21222015
21222230
21242007
21254065
21254088
21254224
21254227
21269066
21269067
21269068
21269069
21269071
21269072
21269074
21269075
21269076
21269077
21269078
21269079
21269081
21269082
21269083
21269092
21269093
21269094
21269095
21269096
21269101
21269102
21269103
21331122
21336986
21342215
21342224
21342233
21342236
21343557
21344848
21345047
21345703
21345708
21345711
21345733
21345734
21345736
21345738
21347078
21347578
21347774
21347775
21347792
21347807
21347991
21348198
21348199
21348977
21348978
21348979
21348980
21348981
21348985
21348986
21348987
21348988
21348989
21348991
