830
4176
26573
63931
267221
274425
281457
283155
299396
310812
341519
411892
417337
475816
482503
495127
515564
565160
582967
674008
748324
778675
783900
792720
799933
836088
836907
875659
925280
928231
957212
992461
1012705
1014331
1196573
1217471
1217902
1227373
1253593
1266693
1288922
1295070
1352573
1365397
1402589
1470733
1483403
1484808
1486181
1487018
1501992
1541883
1563253
1612515
1614289
1691513
1692388
1694837
1698434
1725014
1748525
1749394
1761158
1765360
1766485
1790033
1792351
1809163
1816334
1816521
1828261
1834780
1837170
1839777
1879724
1908045
2054035
2153507
2206509
2239345
2249133
2265111
2269925
2280210
2285496
2319633
2342403
2344941
2383161
2538169
2586395
2589338
2607454
2635511
2651087
2668967
2703324
2712893
2747830
2784319
2789173
2794896
2812540
2817576
2819585
2820163
2828738
2844381
2897055
2901882
2903577
2904239
2916643
2916757
2940324
2941879
2954135
2959385
3078760
3107233
3108823
3109676
3141223
3155755
3181203
3202070
3210120
3246582
3274945
3305350
3307409
3308341
3310323
3314869
3375298
3375299
3403161
3406985
3483374
3517866
3556691
3572901
3579138
3615026
3628291
3631411
3646020
3646523
3646776
3747728
3763996
3766278
3766327
3809834
3816260
3849227
3873072
3927933
3955844
3970546
3990498
4052973
4053462
4054434
4055059
4056521
4075506
4095415
4100735
4111972
4112753
4159546
4193312
4236251
4237960
4260085
4282074
4328361
4371370
4401330
4473586
4531257
4540595
4549123
4549306
4577905
4585468
4603246
4617809
4664043
4670316
4674879
4692623
4706201
4717483
4741177
4745346
4781164
4792782
4793968
4831021
4870318
4902478
5039599
5053397
5058813
5095700
5165714
5189674
5253330
5253345
5310884
5313836
5324668
5340468
5340843
5345083
5345914
5346518
5348022
5348322
5350149
5350382
5355029
5355755
5364454
5365426
5366506
5367240
5367881
5369242
5369325
5371666
5372698
5391577
5393170
5395441
5396149
5403771
5415995
5427866
5435826
5436784
5437397
5437436
5449370
5449824
5456577
5456581
5456582
5456583
5456585
5456588
5456590
5456592
5467204
5507206
5509373
5509374
5509375
5509376
5530788
5531949
5531950
5531951
5531952
5544491
5544492
5544950
5544951
5544952
5544960
5550005
5550747
5551007
5554791
5554792
5554793
5558100
5574787
5574789
5581035
5581545
5581756
5590847
5618876
5623296
5624391
5625754
5631531
5643170
5667916
5667924
5667925
5667928
5667929
5698229
5700165
5702234
5708517
5730436
5734671
5734726
5756455
5756702
5756707
5756716
5756721
5756726
5756727
5756731
5756801
5757546
5764514
5805140
5810753
5810795
5813329
5822933
5825731
5831717
5837710
5853729
5853888
5860029
5868918
5883909
5891354
5894153
5905598
5916614
5919947
5920168
5920966
5925044
5925308
5934550
5941248
5942429
5959401
5960320
5969728
5998577
5999483
6022040
6022396
6028529
6030718
6036933
6038611
6040611
6046310
6053932
6064885
6072331
6084240
6093624
6145790
6146242
6194278
6199852
6217908
6218024
6228486
6264653
6279207
6321039
6321531
6321573
6343888
6345027
6346072
6350005
6357890
6375453
6430658
6443489
6447328
6451646
6464307
6470787
6478760
6482126
6491789
6500273
6502041
6508147
6509575
6513694
6517821
6531762
6533826
6537162
6542958
6554405
6577340
6585526
6614300
6627408
6663131
6676783
6695981
6705314
6711148
6719225
6727028
6741177
6742326
6746702
6747944
6749163
6757282
6760177
6763908
6767636
6775687
6788690
6789675
6789678
6789806
6797925
6806402
6820446
6822440
6831719
6840226
6844305
6844582
6852202
6854005
6856958
6857046
6861461
6870679
6875253
6876797
6881094
6883011
6889912
6891856
6895127
6905258
6909408
6935728
6939748
6942554
6951430
6958257
6962444
6964477
6972993
6977892
6985293
6995203
6996555
7004050
7039407
7062651
7093424
7121487
7131113
7164455
7178259
7183198
7200307
7200991
7219866
7252901
7257531
7258617
7263289
7264944
7293565
7302425
7307470
7325436
7329116
7337296
7339751
7342522
7342772
7346620
7347589
7347590
7364881
7378066
7411215
7421537
7448161
7462108
7466158
7471940
7490428
7490713
7533821
7540556
7548343
7550959
7552091
7578902
7592043
7639211
7666102
7668799
7676529
7687850
7689050
7705345
7712252
7726142
7726179
7726265
7737729
7749958
7755324
7784237
7790616
7793574
7811558
7822578
7832160
7836207
7840628
7841539
7843040
7845680
7856738
7864395
7871135
7871243
7884054
7910164
7910670
7913473
7931652
7932681
7941826
7944588
7950891
7954401
7956086
7964830
8038914
8042333
8054699
8059313
8073042
8089123
8090217
8131175
8139129
8142242
8145009
8146464
8153680
8161426
8168778
8169101
8172067
8172785
8190062
8194902
8200832
8203488
8204849
8212579
8213066
8213150
8223423
8244769
8249722
8258025
8262152
8278317
8284763
8291902
8300785
8323780
8340328
8347762
8352959
8355300
8356371
8359857
8360965
8386742
8393016
8400036
8402022
8403452
8411203
8431479
8435742
8446161
8468961
8509445
8514608
8521587
8541900
8559947
8568266
8569856
8592529
8606971
8630346
8640967
8642101
8650323
8660457
8662994
8663198
8668180
8673841
8689368
8702127
8722160
8723866
8729527
8759487
8760619
8766872
8771841
8786769
8810371
8815353
8827873
8839407
8845928
8850736
8852908
8855966
8870642
8885881
8895049
8904956
8907310
8911467
8912664
8914502
8918604
8919554
8927640
8936381
8947800
8964873
8968129
9008521
9009115
9043590
9076053
9077407
9081480
9084303
9101932
9108578
9108765
9109144
9110288
9130698
9131397
9141944
9148093
9153504
9164374
9169015
9181551
9182414
9185984
9190466
9198588
9214408
9238967
9249484
9268224
9271586
9277874
9285989
9286932
9296269
9316199
9323735
9332398
9339117
9354935
9362038
9364535
9364555
9366263
9368547
9388128
9398111
9400877
9424391
9449452
9460249
9474071
9478346
9497859
9511065
9512393
9519805
9523969
9536844
9549895
9556933
9561525
9577822
9578947
9599745
9599964
9603413
9603618
9617375
9617589
9618598
9630042
9647556
9649055
9650882
9651615
9657019
9660036
9666955
9669711
9672782
9673429
9686966
9689915
9691119
9691724
9694004
9700852
9710863
9726932
9732118
9735684
9743628
9763129
9764918
9787116
9789235
9789320
9790080
9797515
9827624
9831806
9838293
9860999
9872019
9874133
9900733
9922672
9944724
9957630
9976555
9978095
10013345
10015287
10018350
10018381
10019216
10019280
10029826
10032417
10035094
10046024
10046033
10047500
10055449
10068043
10069166
10069449
10071746
10074957
10077937
10081093
10084286
10120630
10128367
10133421
10134493
10134580
10135319
10136976
10140452
10143370
10148788
10164415
10173949
10174891
10175347
10183566
10188871
10201311
10205896
10216165
10223343
10224284
10269884
10283088
10285649
10292060
10293278
10302888
10320019
10331858
10336806
10356460
10361207
10396421
10414743
10429720
10468470
10474865
10478906
10481643
10482174
10482861
10483637
10483997
10488118
10498213
10498526
10513765
10514443
10522448
10522476
10523488
10532909
10534402
10535469
10539797
10540690
10541011
10542750
10542927
10543467
10545062
10546602
10547295
10550916
10552083
10556486
10558272
10559863
10562661
10563076
10565293
10567083
10569178
10570423
10570577
10571062
10572318
10573124
10575414
10577306
10577408
10577599
10578001
10578821
10580918
10583828
10588720
10591024
10592776
10593628
10594024
10594150
10595285
10595399
10596521
10597314
10598021
10598074
10598178
10599686
10599753
10599772
10601328
10602308
10602539
10603285
10605429
10609474
10609844
10610407
10611731
10613772
10618302
10620246
10621826
10622226
10622229
10629199
10631444
10653134
10654573
10676513
10686672
10691076
10691634
10693004
10708092
10720139
10724208
10732286
10745394
10757707
10758254
10762967
10764589
10765399
10770406
10772175
10776822
10783984
10784522
10785252
10790145
10791561
10820615
10834041
10834207
10956546
10965028
10972457
11021140
11031894
11043666
11072819
11124701
11130106
11133455
11133457
11133462
11133502
11133523
11133568
11133598
11133652
11133708
11133712
11133750
11133752
11133855
11133861
11133862
11133878
11133934
11133957
11133970
11134051
11134058
11134074
11134105
11134106
11134128
11134140
11134152
11134167
11134234
11134236
11134237
11134275
11134291
11134295
11134318
11134320
11134321
11134333
11134345
11134374
11134402
11134407
11134437
11134485
11134564
11134586
11134649
11134693
11134694
11134699
11134708
11134778
11134780
11134827
11134842
11134945
11134952
11134963
11134988
11134990
11134996
11135067
11135190
11135244
11135266
11135277
11135280
11135306
11135345
11135374
11135573
11135593
11135706
11135713
11135735
11135769
11135855
11135865
11135917
11135923
11135938
11135945
11135984
11135987
11136035
11136048
11136068
11136078
11136080
11136082
11136097
11136119
11136153
11136163
11136164
11136169
11136170
11136179
11136190
11136242
11136243
11136279
11136298
11136300
11136301
11136329
11136342
11136352
11136369
11136429
11136443
11136475
11136478
11136493
11136505
11136511
11136597
11136607
11136611
11136612
11136620
11136641
11136642
11136702
11136763
11136808
11136809
11136833
11136837
11136866
11136969
11136971
11136974
11137030
11137031
11137036
11137060
11137061
11137063
11137064
11137095
11137107
11137142
11137146
11137150
11137162
11137167
11137217
11137241
11137299
11137310
11137361
11137363
11137369
11137371
11137391
11137402
11137409
11137429
11137480
11137525
11137526
11137529
11137572
11137575
11137587
11137601
11137611
11137761
11137798
11137833
11137849
11137931
11137957
11137958
11137961
11137967
11138006
11138062
11138081
11138085
11138097
11138099
11138112
11138138
11138142
11138162
11138200
11138223
11138231
11138243
11138256
11138261
11138262
11138264
11138270
11138290
11138295
11138301
11138305
11138344
11138350
11138352
11138356
11138368
11138369
11138370
11138401
11138402
11138409
11138424
11138451
11138459
11138480
11138481
11138506
11138515
11138534
11138535
11138541
11138586
11138686
11138706
11138715
11138717
11138742
11138786
11138791
11138839
11138846
11138892
11138902
11138944
11138947
11138958
11138988
11138997
11139003
11139010
11139015
11139017
11139019
11139029
11139042
11139062
11139064
11139066
11139074
11139078
11139087
11139092
11139118
11139169
11139173
11139174
11139187
11139202
11139203
11139254
11139307
11139317
11139334
11139400
11139432
11139435
11139439
11139441
11139487
11139491
11139495
11139531
11139605
11139619
11139622
11139632
11139641
11139668
11139673
11139679
11139690
11139743
11139791
11139820
11139877
11139900
11139913
11139974
11139978
11140016
11140018
11140024
11140025
11140026
11140033
11140036
11140038
11140052
11140089
11140090
11140092
11140096
11140176
11140183
11140189
11140192
11140208
11140232
11140250
11140294
11140304
11140314
11140329
11140424
11140437
11140500
11140603
11140651
11140655
11140672
11140700
11140735
11140745
11140767
11140779
11140791
11140794
11140820
11140875
11140881
11140884
11140895
11140945
11140965
11140977
11141003
11141020
11141053
11141056
11141066
11141086
11141173
11141208
11141296
11141301
11141350
11141361
11141396
11141480
11141503
11141604
11141620
11141736
11141752
11141753
11141792
11141824
11141831
11141881
11141886
11141918
11141965
11141991
11142027
11142028
11142076
11142121
11142140
11142157
11142207
11142235
11142312
11142371
11142373
11142458
11142501
11142541
11142573
11142584
11142672
11142702
11142718
11142725
11142728
11142752
11142755
11142785
11142796
11142800
11142809
11142883
11142891
11142895
11142897
11142900
11142959
11142961
11142988
11143007
11143100
11143204
11143251
11143293
11143297
11143333
11143337
11143340
11143341
11143342
11143354
11143399
11143411
11143554
11143568
11143605
11143641
11143684
11143692
11143701
11143758
11143773
11143825
11143848
11143854
11143858
11143859
11143863
11143889
11143946
11144025
11144070
11144073
11144110
11144132
11144148
11144154
11144159
11144189
11144207
11144219
11144249
11144251
11144264
11144268
11144270
11144290
11144313
11144354
11144358
11144361
11144388
11144390
11144467
11144504
11144512
11144515
11144528
11144546
11144550
11144555
11144561
11144567
11144586
11144609
11144611
11144617
11144638
11144639
11144657
11144658
11144716
11144746
11144773
11144783
11144790
11144795
11144837
11144892
11145038
11145130
11145135
11145136
11145154
11145157
11145163
11145168
11145175
11145179
11145202
11145237
11145239
11145240
11145257
11145279
11145301
11145312
11145377
11145381
11145440
11145449
11145467
11145481
11145513
11145524
11145528
11145533
11145559
11145563
11145564
11145580
11145600
11145724
11145774
11145794
11145839
11145852
11145909
11145948
11145972
11146066
11146069
11146071
11146080
11146136
11146167
11146172
11146204
11146211
11146233
11146235
11146238
11146246
11146253
11146337
11146349
11146387
11146388
11146408
11146443
11146459
11146471
11146475
11146501
11146518
11146602
11146606
11146672
11146695
11146696
11146773
11146776
11146787
11146812
11146831
11146832
11146863
11146869
11146905
11146907
11146944
11146994
11147007
11147026
11147030
11147058
11147060
11147102
11147148
11147192
11147213
11147215
11147224
11147283
11147316
11147318
11147381
11147392
11147411
11147418
11147424
11147430
11147440
11147563
11147580
11147591
11147607
11147612
11147624
11147644
11147653
11147659
11147768
11147778
11147820
11147821
11147906
11147936
11147941
11147976
11148003
11148019
11148050
11148056
11148099
11148112
11148125
11148134
11148149
11148201
11148260
11148268
11148285
11148315
11148316
11148326
11148345
11148362
11148367
11148379
11148501
11148505
11148659
11148662
11148718
11148741
11148776
11148792
11148845
11148951
11148993
11149046
11149081
11149104
11149107
11149160
11149192
11149202
11149208
11149246
11149262
11149266
11149296
11149305
11149363
11149407
11149483
11149533
11149551
11149567
11149573
11149605
11149626
11149633
11149637
11149640
11149655
11149687
11149700
11149701
11149753
11149755
11149801
11149817
11149830
11149843
11149846
11149904
11149906
11149940
11149942
11149943
11149997
11149999
11150005
11150096
11150128
11150131
11150138
11150188
11150200
11150230
11150237
11150242
11150248
11150250
11150276
11150338
11150369
11150384
11150449
11150461
11150486
11150500
11150515
11150547
11150575
11150579
11150588
11150594
11150634
11150656
11150692
11150723
11150749
11150759
11150835
11150839
11150868
11150935
11150936
11150944
11150945
11150946
11150951
11150960
11150963
11150965
11150969
11150978
11150983
11151014
11151020
11151040
11151076
11151123
11151149
11151157
11151172
11151179
11151221
11151240
11151242
11151256
11151264
11151266
11151279
11151289
11151295
11151300
11151303
11151349
11151358
11151379
11151389
11151427
11151455
11151458
11151477
11151489
11151504
11151542
11151579
11151615
11151623
11151647
11151673
11151738
11151745
11151764
11151773
11151880
11151924
11151955
11151981
11151990
11152020
11152021
11152022
11152040
11152095
11152141
11152154
11152235
11152245
11152272
11152314
11152319
11152328
11152351
11152352
11152363
11152374
11152384
11152482
11152484
11152485
11152493
11152495
11152497
11152511
11152524
11152551
11152560
11152571
11152637
11152652
11152659
11152679
11152708
11152729
11152734
11152777
11152785
11152798
11152876
11152879
11152883
11152890
11152899
11152940
11152948
11152956
11152962
11152974
11152999
11153003
11153007
11153016
11153028
11153053
11153097
11153141
11153155
11153204
11153226
11153230
11153258
11153282
11153318
11153359
11153380
11153455
11153465
11153467
11153571
11153575
11153577
11153587
11153588
11153603
11153612
11153620
11153621
11153625
11153643
11153665
11153679
11153680
11153683
11153686
11153693
11153701
11153702
11153720
11153752
11153822
11153932
11153959
11154066
11154072
11154091
11154106
11154133
11154154
11154168
11154180
11154186
11154204
11154208
11154266
11154279
11154287
11154306
11154316
11154339
11154373
11154382
11154401
11154420
11154449
11154451
11154464
11154514
11154523
11154556
11154558
11154565
11154577
11154582
11154585
11154591
11154602
11154639
11154653
11154661
11154682
11154707
11154714
11154729
11154771
11154804
11154835
11154844
11154876
11154936
11154960
11154973
11155003
11155130
11155165
11155212
11155241
11155252
11155266
11155275
11155307
11155332
11155340
11155353
11155423
11155424
11155426
11155439
11155446
11155452
11155457
11155471
11155475
11155482
11155486
11155487
11155489
11155491
11155494
11155516
11155536
11155550
11155552
11155571
11155584
11155592
11155606
11155670
11155672
11155688
11155724
11155737
11155810
11155831
11155885
11155904
11155930
11156073
11156090
11156134
11156172
11156174
11156181
11156192
11156196
11156205
11156206
11156289
11156294
11156347
11156385
11156396
11156414
11156456
11156457
11156461
11156474
11156520
11156543
11156555
11156569
11156580
11156587
11156605
11156625
11156629
11156641
11156642
11156644
11156651
11156652
11156655
11156657
11156660
11156661
11156722
11156798
11156803
11156854
11156856
11156873
11156922
11156959
11156964
11156967
11157009
11157081
11157126
11157139
11157217
11157223
11157346
11157412
11157429
11157446
11157455
11157473
11157478
11157539
11157574
11157579
11157587
11157605
11157608
11157611
11157630
11157649
11157706
11157709
11157726
11157746
11157755
11157761
11157764
11157766
11157786
11157802
11157815
11157826
11157846
11157848
11157851
11157860
11157866
11157876
11157882
11157889
11157892
11157896
11157897
11157898
11157929
11157997
11158030
11158052
11158056
11158063
11158153
11158155
11158156
11158184
11158207
11158210
11158302
11158350
11158351
11158391
11158431
11158483
11158597
11158632
11158680
11158687
11158718
11158766
11158862
11158894
11158900
11158902
11158907
11158920
11158921
11158924
11158933
11158956
11159004
11159037
11159046
11159061
11159106
11159145
11159154
11159175
11159186
11159199
11159223
11159239
11159245
11159280
11159310
11159362
11159370
11159371
11159412
11159425
11159443
11159456
11159505
11159506
11159522
11159603
11159677
11159681
11159695
11159708
11159730
11159735
11159770
11159790
11159879
11159885
11159887
11159892
11159917
11159922
11160034
11160035
11160052
11160058
11160153
11160155
11160169
11160204
11160209
11160213
11160216
11160233
11160264
11160346
11160370
11160654
11160719
11160780
11160878
11160887
11160890
11160905
11160923
11160924
11160929
11160935
11160948
11160950
11160956
11160967
11160971
11160982
11161070
11161153
11161187
11161270
11161275
11161278
11161281
11161289
11161310
11161332
11161363
11161367
11161385
11161431
11161453
11161459
11161464
11161479
11161500
11161653
11161693
11161722
11161723
11161741
11161761
11161779
11161829
11161865
11161885
11161906
11161929
11161953
11161960
11161967
11162005
11162053
11162060
11162066
11162073
11162076
11162087
11162139
11162144
11162153
11162178
11162179
11162182
11162185
11162231
11162233
11162234
11162236
11162266
11162267
11162284
11162290
11162296
11162299
11162314
11162340
11162388
11162402
11162447
11162507
11162585
11162630
11162669
11162795
11162797
11162848
11162909
11163006
11163044
11163064
11163088
11163127
11163176
11163177
11163184
11163237
11163290
11163308
11163310
11163317
11163322
11163337
11163341
11163436
11163464
11163515
11163557
11163623
11163654
11163661
11163687
11163695
11163745
11163791
11163803
11163815
11163845
11163905
11163917
11164046
11164048
11164087
11164090
11164107
11164117
11164119
11164153
11164281
11164325
11164568
11164611
11164647
11164653
11164701
11164729
11164791
11164796
11164799
11164801
11164871
11164887
11164898
11164924
11164998
11165030
11165035
11165103
11165111
11165152
11165215
11165228
11165309
11165361
11165402
11165422
11165437
11165468
11165520
11165549
11165561
11165573
11165586
11165591
11165596
11165638
11165745
11165763
11165764
11165779
11165798
11165828
11165839
11165861
11165985
11166027
11166083
11166137
11166149
11166239
11166345
11166386
11166441
11166538
11167209
11167313
11167330
11167354
11167378
11167382
11167391
11167396
11167398
11167418
11167436
11167456
11167591
11167622
11167772
11167826
11167879
11167977
11167994
11168031
11168147
11168176
11168238
11168442
11168562
11168568
11168609
11168702
11168704
11168804
11168856
11168871
11168911
11169052
11169150
11169377
11169390
11169395
11169432
11169434
11169580
11169641
11169693
11169957
11170243
11170270
11170704
11170723
11170766
11170826
11170955
11171013
11171109
11171218
11171509
11171617
11171739
11171863
11172059
11172115
11172125
11172210
11172219
11172288
11172367
11172523
11172694
11172984
11172985
11173169
11173204
11173613
11173662
11174124
11174125
11174299
11174356
11174564
11175017
11175328
11175404
11175474
11175894
11175913
11175917
11175931
11175934
11175992
11176003
11176009
11176048
11176050
11176068
11176081
11176082
11176089
11176111
11176124
11176149
11176167
11176198
11176306
11176337
11176347
11176436
11176450
11176545
11176567
11176582
11176681
11176936
11177023
11177166
11177219
11177335
11177438
11177503
11177540
11177558
11177568
11177578
11177661
11177962
11178036
11178265
11178570
11178592
11178623
11178653
11178754
11178784
11178920
11178929
11178942
11178982
11179134
11179229
11179253
11179399
11179595
11179629
11179765
11179801
11179874
11179989
11180001
11180054
11180085
11180103
11180227
11180255
11180313
11180414
11180466
11180480
11180516
11180600
11180602
11180675
11180719
11180797
11180868
11180934
11181139
11181201
11181233
11181319
11181357
11181439
11181529
11181756
11181919
11181928
11182059
11182133
11182373
11182400
11182440
11182636
11182716
11182718
11182731
11182954
11183005
11183112
11183117
11183262
11183359
11183592
11183614
11183616
11183663
11183667
11183691
11183719
11183806
11183842
11183896
11185204
11185491
11185577
11185707
11185722
11185729
11185735
11185739
11185772
11185784
11185803
11185822
11185823
11185826
11185869
11185874
11185904
11185910
11185934
11185943
11185976
11185984
11185991
11186130
11186156
11186250
11186265
11186276
11186311
11186429
11186448
11186557
11186612
11186707
11186986
11187198
11187208
11187272
11187511
11188208
11188321
11188366
11188424
11188463
11188554
11188672
11188805
11188807
11188900
11188932
11189200
11189347
11189386
11189505
11189548
11189643
11189927
11190231
11190333
11190370
11190432
11190550
11190774
11191082
11191090
11191128
11191155
11191372
11191471
11191543
11191874
11192107
11192244
11192370
11192526
11192811
11192996
11193330
11193604
11193629
11193655
11193667
11193720
11193748
11193886
11193996
11194008
11194503
11194549
11194658
11194763
11194921
11194958
11195445
11195864
11196035
11196273
11196383
11196416
11196432
11196443
11196444
11196451
11196468
11196470
11196503
11196526
11196533
11196539
11196594
11196598
11196599
11196664
11196709
11196840
11196997
11197021
11197082
11197201
11197302
11197419
11197528
11197898
11197928
11198095
11198185
11198195
11198210
11198268
11198459
11198757
11198978
11199153
11199195
11199334
11199412
11199422
11199700
11199776
11199800
11199937
11199996
11200136
11200256
11200341
11200453
11200608
11200760
11200884
11200911
11200989
11201061
11201141
11201280
11201297
11201365
11201462
11201514
11201628
11201816
11201817
11201833
11201931
11202002
11202083
11202126
11202243
11202595
11202677
11202691
11202912
11203011
11203254
11203259
11203276
11203407
11203419
11203434
11203462
11203565
11203795
11203796
11203822
11203861
11203874
11204300
11204366
11204470
11204519
11204595
11204623
11204755
11204862
11204911
11204987
11205115
11205233
11205803
11205827
11205872
11206025
11206030
11206047
11206055
11206076
11206096
11206115
11206192
11206298
11206304
11206337
11206339
11206355
11206397
11206454
11206491
11206497
11206585
11206595
11206637
11206677
11206697
11206744
11206850
11206860
11206994
11207317
11207355
11207385
11207438
11207615
11207758
11207854
11207967
11207989
11208187
11208270
11208287
11208400
11208414
11208459
11208494
11208786
11209455
11209564
11209636
11209902
11210317
11210501
11210555
11210647
11210670
11211084
11211697
11211718
11211768
11211781
11211890
11212320
11212455
11212542
11212547
11212576
11212583
11212756
11212917
11212972
11212975
11213040
11213488
11213537
11213819
11213859
11214111
11214215
11214262
11214295
11214304
11214360
11214361
11214932
11215158
11215195
11215203
11215216
11215252
11215290
11215347
11215349
11215367
11215371
11215375
11215385
11215400
11215439
11215443
11215444
11215445
11215526
11215528
11215583
11215592
11215618
11215647
11215658
11215673
11215687
11215753
11215940
11216004
11216146
11216225
11216287
11216437
11216496
11216513
11216657
11216711
11216740
11217393
11217426
11217819
11218032
11218066
11218436
11218482
11218506
11218632
11218645
11218757
11218766
11218819
11219102
11219134
11219169
11219180
11219302
11219750
11219934
11219939
11220158
11220438
11220656
11220665
11220775
11220985
11221091
11221196
11221249
11221364
11221483
11221700
11221861
11221923
11222015
11222095
11222202
11222371
11222507
11222611
11222686
11222761
11223035
11223067
11223190
11223343
11223386
11223434
11223500
11223650
11224249
11224259
11224335
11224369
11224422
11224460
11224473
11224479
11224496
11224497
11224498
11224518
11224582
11224591
11224655
11224677
11224820
11224872
11224874
11224882
11224919
11224932
11224935
11224998
11225009
11225015
11225083
11225099
11225173
11225177
11225343
11225463
11225554
11225644
11225655
11225705
11225859
11226104
11226107
11226122
11226135
11226162
11226185
11226261
11226359
11226480
11226575
11226603
11226761
11226862
11227140
11227224
11227281
11227456
11227555
11227579
11227586
11227744
11227786
11227789
11227791
11227802
11227838
11227876
11227890
11227892
11228072
11228099
11228248
11228415
11228416
11228525
11228644
11228831
11228862
11228947
11229006
11229022
11229072
11229208
11229442
11229615
11229697
11229722
11230004
11230089
11230138
11230222
11230424
11230776
11230939
11230960
11231192
11231335
11231389
11231467
11231509
11231578
11231732
11231744
11231871
11231961
11232178
11232312
11232419
11232601
11232674
11232811
11233287
11233377
11233386
11233494
11234205
11234213
11234312
11234314
11234357
11234364
11234367
11234412
11234544
11234547
11234696
11234810
11234884
11234890
11235013
11235015
11235040
11235055
11235093
11235259
11235276
11235298
11235321
11235369
11235370
11235382
11235936
11236004
11236222
11236282
11236309
11236619
11236798
11236819
11236820
11237096
11237097
11237098
11237198
11237358
11237478
11237532
11237577
11238168
11238395
11238404
11238665
11238685
11238765
11238930
11239134
11239214
11239224
11239247
11239261
11239270
11239286
11239300
11239589
11239638
11239930
11239936
11240099
11240102
11240263
11240310
11240599
11240614
11241093
11241096
11241409
11241533
11241692
11241699
11241709
11241920
11241994
11242055
11242373
11242650
11242668
11242694
11242737
11242822
11242907
11243128
11243151
11243163
11243312
11243320
11243575
11243591
11243675
11243756
11243757
11244103
11244246
11244440
11244568
11244602
11244727
11244856
11245362
11245363
11245473
11245580
11245586
11245612
11245631
11245751
11245849
11245880
11245881
11246035
11246049
11246154
11246155
11246302
11246495
11246840
11246934
11247006
11247168
11247273
11247325
11247327
11247380
11247386
11247460
11247608
11247628
11247656
11247739
11247824
11247872
11248141
11248177
11248216
11248270
11248303
11248356
11248415
11248557
11248578
11248647
11248881
11248933
11248950
11248953
11248983
11248988
11249095
11249108
11249179
11249193
11249388
11249719
11249769
11249772
11249820
11250190
11250288
11250386
11250507
11251156
11251264
11251265
11251404
11251502
11251513
11251556
11251729
11252025
11252055
11252139
11252240
11252256
11252668
11252795
11253504
11253807
11254095
11254148
11254247
11254688
11254719
11254737
11255112
11255143
11255312
11255406
11255418
11255440
11255535
11255537
11255541
11255570
11255574
11255700
11255740
11257605
11257707
11258271
11258340
11258344
11258345
11258376
11258404
11258427
11258482
11258600
11258809
11258818
11259079
11259081
11259461
11259511
11259648
11259835
11259898
11260053
11260292
11260316
11260472
11260712
11260752
11260800
11260801
11260837
11261056
11261217
11261263
11261283
11261380
11261426
11261446
11261606
11261830
11261837
11261846
11261895
11262325
11262481
11262483
11262852
11262900
11262902
11262949
11263158
11263831
11263849
11264141
11264196
11264233
11264278
11264285
11264381
11264435
11264502
11264853
11265355
11265440
11265441
11265453
11265462
11265475
11265490
11265497
11265656
11265686
11265991
11265996
11266073
11266078
11266206
11266322
11266365
11266397
11266556
11266566
11266778
11270238
11270476
11270522
11270712
11270728
11270747
11270914
11270929
11270952
11270984
11271102
11271724
11271762
11271992
11272073
11272136
11272536
11272582
11272869
11272963
11273114
11273117
11273241
11273334
11273608
11273684
11273692
11273942
11273975
11274147
11274151
11274190
11274304
11274408
11274549
11274590
11274606
11274627
11274632
11274789
11274804
11274873
11275040
11275143
11275372
11275523
11275638
11275690
11276114
11276145
11276211
11276262
11276293
11276539
11276558
11276562
11277010
11277220
11277349
11277391
11277526
11278338
11278581
11278803
11278887
11278899
11279036
11279130
11279153
11279187
11279188
11279245
11279374
11282353
11282450
11282522
11282580
11282626
11282792
11282831
11283013
11283039
11283101
11283216
11283240
11283524
11283563
11284174
11284183
11284188
11284612
11284699
11284740
11284775
11284841
11284885
11284947
11285016
11285029
11285032
11285114
11285179
11285212
11285261
11285514
11285708
11285735
11286041
11286101
11286183
11286193
11286216
11286467
11286515
11286555
11286764
11287187
11287207
11287270
11287283
11287426
11287459
11287734
11287873
11288062
11288179
11288462
11288571
11288606
11288709
11288801
11289219
11289268
11289324
11289516
11289603
11289607
11289644
11289831
11289962
11290249
11290658
11290670
11290756
11290887
11290894
11291148
11291191
11291503
11291698
11291898
11291899
11291910
11291953
11292051
11292053
11292130
11292178
11292220
11292313
11292327
11292401
11292470
11292503
11292520
11292624
11292713
11292720
11292740
11293107
11293189
11293583
11293603
11293880
11294003
11294100
11294343
11296530
11296966
11297448
11297452
11297558
11297559
11297974
11298229
11298390
11298438
11298692
11298707
11298805
11298877
11299542
11299629
11299698
11299716
11299719
11299742
11299937
11299938
11299940
11299948
11299952
11300733
11301049
11301140
11301159
11301294
11301325
11301502
11301549
11301676
11301869
11302019
11302041
11302051
11302170
11302508
11302566
11302579
11302661
11303544
11303566
11303604
11303623
11303636
11303641
11303690
11303695
11303773
11304206
11304210
11304274
11304474
11304476
11304505
11304796
11304811
11304817
11305021
11305077
11305079
11305361
11305382
11305516
11305620
11305641
11306421
11306455
11306465
11306476
11306479
11306631
11306689
11306728
11306797
11306840
11306853
11306974
11307171
11308868
11309734
11310815
11311229
11311313
11311337
11311376
11311381
11311439
11311906
11312278
11312306
11312483
11312528
11312549
11312977
11312986
11313000
11313009
11313034
11313135
11313257
11313494
11313497
11313602
11313710
11314283
11314540
11314581
11314615
11314709
11314710
11314926
11314950
11314960
11315017
11315279
11315280
11315708
11315709
11315713
11315714
11315723
11315777
11315815
11315851
11315862
11315866
11315914
11315925
11315931
11316525
11316732
11316834
11316965
11317111
11317134
11317391
11317429
11317871
11317992
11317993
11318335
11318386
11318464
11318532
11318622
11318700
11318850
11318871
11318896
11318897
11318965
11319010
11319248
11319499
11319527
11319565
11319626
11319886
11319904
11319906
11319995
11320093
11320099
11320110
11320123
11320196
11320213
11320289
11320440
11320518
11320861
11320874
11321590
11321746
11321788
11321830
11322025
11322145
11322170
11322173
11322189
11322671
11324163
11325426
11325575
11325599
11325610
11325624
11325676
11325833
11325987
11326266
11326311
11326358
11326887
11327387
11327401
11327612
11327618
11327628
11327631
11327687
11328465
11328561
11328596
11328728
11328756
11329052
11329204
11329221
11329565
11329954
11330137
11330177
11330232
11330642
11330888
11330936
11331019
11331129
11331443
11331449
11331467
11331508
11331527
11331757
11332078
11332079
11332150
11332342
11332390
11332432
11332433
11332435
11332586
11332724
11333024
11333358
11333367
11333447
11333620
11333629
11333785
11334720
11334912
11334929
11334973
11334980
11335037
11335501
11335527
11335544
11335758
11335896
11336010
11336072
11337372
11337695
11337708
11341141
11341303
11341352
11341353
11341440
11341454
11341623
11341771
11342224
11342238
11342465
11342568
11342792
11343124
11343281
11343427
11343594
11343653
11343813
11344282
11344304
11344748
11344924
11345073
11345242
11345282
11345331
11345334
11345336
11345539
11345548
11345622
11345822
11345997
11346091
11346561
11347190
11347307
11347415
11347426
11347722
11347747
11347776
11347900
11347970
11348210
11348214
11348257
11348293
11348407
11348556
11348603
11348704
11348789
11348790
11349149
11349334
11349345
11349418
11349455
11349524
11349669
11349841
11349845
11349999
11350271
11350812
11350877
11351013
11351056
11351084
11351137
11351214
11351215
11351252
11351333
11351347
11355575
11355615
11356085
11356086
11356318
11356385
11356636
11356837
11357042
11357154
11357237
11357968
11358338
11358352
11358589
11358747
11358790
11358881
11358890
11359039
11359320
11359355
11359373
11359532
11359586
11359671
11359814
11359906
11360043
11360079
11360257
11360300
11360569
11360623
11360667
11360685
11360690
11360734
11360747
11360859
11361412
11361418
11361467
11361511
11361542
11361624
11361654
11361753
11361930
11361949
11362072
11362107
11362114
11362195
11362236
11362433
11362454
11362558
11362714
11362928
11362971
11363140
11363141
11363210
11363717
11363721
11363754
11363902
11364358
11364369
11364400
11364402
11364496
11364887
11364924
11364949
11365148
11365209
11365218
11365296
11365356
11366635
11368819
11369119
11369236
11369248
11369350
11369473
11369571
11369590
11369652
11369667
11369713
11369793
11369798
11369806
11369939
11370245
11370542
11370572
11370585
11370590
11370795
11370877
11370918
11371312
11371361
11371382
11371563
11371641
11372106
11372108
11372155
11373496
11373582
11373625
11373736
11374238
11374279
11374297
11374406
11374640
11374743
11374872
11374874
11374933
11375177
11375236
11375353
11375372
11375429
11375749
11375796
11375916
11375971
11375972
11376009
11376045
11376104
11376581
11376660
11377066
11377103
11377118
11377138
11377157
11377175
11377277
11377301
11377393
11377500
11377664
11377667
11377668
11377790
11378158
11378721
11378983
11379445
11379483
11379590
11379646
11379685
11379787
11380047
11380574
11383684
11384061
11384067
11384069
11384181
11384326
11384379
11384403
11384471
11384593
11384668
11384827
11384962
11385125
11385126
11385127
11385151
11385341
11385368
11385529
11385610
11385728
11385863
11385964
11386090
11386205
11386256
11386275
11386300
11386321
11386329
11386387
11386446
11386462
11386492
11386618
11386622
11386623
11386638
11386640
11386644
11386651
11386666
11386814
11386820
11386833
11386903
11386904
11386910
11386929
11386930
11386985
11387047
11387050
11387622
11387633
11387752
11387869
11387891
11388318
11388376
11388502
11388684
11388716
11388991
11389363
11389370
11389549
11389744
11389901
11389961
11390017
11390169
11390393
11390578
11390591
11390642
11390673
11391001
11391387
11391471
11391619
11391697
11391703
11391769
11391772
11392060
11392073
11392256
11392267
11392336
11392382
11392495
11392529
11392542
11392746
11393571
11393596
11393810
11394033
11394100
11394645
11394736
11395885
11396712
11397152
11400372
11400385
11400802
11400846
11401008
11401100
11401186
11401256
11401285
11401465
11401487
11401717
11401957
11402140
11402265
11402267
11402455
11402490
11402521
11402570
11402575
11402654
11402737
11402750
11402867
11402868
11402870
11402911
11403195
11403347
11403472
11403607
11403610
11403947
11404085
11404302
11404650
11404703
11404802
11404848
11404854
11404897
11404905
11404945
11405016
11405213
11405605
11405635
11405640
11405644
11405699
11405700
11405802
11406076
11406133
11406365
11406428
11406456
11406537
11406550
11406815
11407627
11407628
11407709
11407722
11407723
11408177
11408416
11408460
11408863
11408894
11408931
11409077
11410031
11410044
11410796
11410821
11412315
11413252
11413278
11413917
11414023
11414707
11415137
11415252
11415441
11415498
11415537
11415708
11415800
11416192
11416550
11416799
11416829
11416927
11416953
11417004
11417123
11417144
11417167
11417286
11417836
11417877
11417902
11417924
11418037
11418041
11418109
11418177
11418365
11418436
11418474
11418490
11419018
11419134
11419332
11419341
11419361
11419955
11420124
11420142
11420196
11420229
11420295
11420325
11420371
11420419
11420454
11420462
11420516
11420533
11420547
11420548
11420549
11420555
11420602
11420635
11420670
11420671
11420744
11420985
11421054
11421188
11421318
11421354
11421814
11421958
11422064
11422418
11422504
11422669
11422750
11422780
11422818
11422858
11422975
11423028
11423480
11423595
11423620
11423799
11423900
11424136
11424201
11424410
11424769
11424822
11424843
11424846
11424849
11424851
11424868
11425020
11425412
11425439
11425442
11425698
11425953
11426192
11426315
11426963
11427010
11427047
11427179
11429102
11429470
11431123
11431135
11431138
11431143
11431158
11432348
11432498
11435222
11435306
11435412
11435547
11435555
11435629
11435888
11436028
11436070
11436191
11436389
11436518
11436560
11436580
11436854
11437099
11437201
11437621
11437805
11437952
11437963
11438149
11438219
11438366
11438539
11438791
11438792
11438982
11439041
11439138
11439190
11439204
11439218
11439368
11439416
11439417
11439476
11439571
11439755
11439890
11439892
11439895
11439970
11440161
11440330
11440351
11440413
11440461
11440523
11440818
11440819
11441022
11441077
11441090
11441360
11441428
11441633
11441647
11441808
11441855
11441926
11441927
11442056
11442068
11442186
11442385
11442454
11442719
11443206
11443463
11443652
11443673
11443836
11443949
11443975
11444385
11444989
11445433
11445755
11445810
11445956
11446043
11450151
11450260
11450299
11450527
11450807
11450905
11451101
11451489
11451688
11452730
11452745
11452792
11452976
11453084
11453107
11453268
11453460
11453513
11453913
11454051
11454482
11454507
11454646
11454697
11454849
11454856
11455152
11455283
11455311
11455332
11455479
11455500
11455544
11455957
11456104
11456144
11456419
11456484
11456504
11456722
11456773
11456794
11456823
11457211
11457382
11457672
11457736
11457742
11457854
11457869
11458152
11458245
11458278
11458623
11458631
11458677
11458678
11458923
11459010
11459029
11459101
11459168
11459194
11460031
11460788
11463169
11466006
11466512
11466641
11466833
11467341
11467791
11467907
11467924
11468291
11468303
11468387
11468388
11469010
11469017
11469187
11469327
11469348
11469699
11469703
11469842
11469914
11470756
11470766
11470842
11470862
11470863
11470870
11470936
11471275
11471276
11471279
11471308
11471336
11471337
11471368
11471451
11471468
11471497
11471990
11472190
11472416
11472494
11472514
11472515
11472582
11472622
11472693
11472987
11473018
11473028
11473271
11473345
11473992
11474037
11474196
11474754
11474864
11474881
11475544
11475609
11475656
11479248
11480814
11481168
11481197
11481375
11481814
11482332
11482351
11482508
11482517
11482599
11482934
11483341
11484084
11484180
11484777
11484938
11484978
11485056
11485344
11485794
11485830
11486002
11486040
11486124
11486131
11486226
11486267
11486268
11486425
11486533
11486606
11486759
11486827
11486991
11487231
11487627
11487875
11487913
11488628
11488658
11489279
11489286
11489303
11489423
11489616
11489705
11489714
11489726
11490534
11490986
11491004
11491020
11491027
11491172
11493588
11493833
11493834
11493858
11494027
11494316
11494363
11494513
11494776
11494778
11494817
11494823
11495425
11496705
11496706
11496957
11496976
11497149
11497153
11497241
11497250
11497273
11497288
11497650
11497741
11498008
11498183
11498595
11499267
11499337
11499531
11499925
11499991
11500004
11500242
11500345
11500460
11500562
11500656
11500686
11500859
11500962
11500978
11501167
11501422
11501469
11501481
11501553
11501608
11501619
11501626
11501640
11501654
11501852
11501862
11501908
11502038
11502041
11502468
11502491
11502751
11502838
11502840
11502908
11503260
11503309
11503499
11504042
11504071
11504227
11504240
11504324
11504325
11504386
11504686
11504909
11505036
11505545
11505564
11506194
11506211
11506263
11506268
11506323
11506325
11506326
11506346
11506441
11506454
11506541
11506608
11506616
11507010
11507334
11507383
11507401
11507521
11507593
11507737
11507835
11507983
11508245
11508319
11508424
11508515
11508668
11508701
11508709
11508710
11508754
11508866
11509009
11509198
11512672
11584564
11612645
11616084
11687571
11711926
11730884
11732918
11733106
11733302
11733926
11733947
11733949
11734029
11734095
11734266
11734717
11734787
11734940
11735010
11735043
11735079
11735226
11735254
11735489
11735705
11735721
11735974
11736219
11737586
11738437
11738661
11738899
11739001
11739420
11739549
11739664
11739841
11739910
11739957
11740057
11740077
11740094
11740096
11740146
11740220
11740263
11740296
11740306
11740331
11740413
11740593
11740612
11740826
11743369
11743533
11745422
11745890
11745993
11748974
11749461
11752101
11754480
11754742
11755297
11755495
11756669
11758017
11758065
11758189
11758227
11758464
11764657
11768168
11768175
11768176
11768177
11768178
11768184
11768185
11768186
11768187
11768188
11768189
11784288
11785029
11789349
11798178
11805629
11806315
11836597
11844032
11870016
11884618
11889327
11895605
11896539
11898662
11901395
11908305
11909583
11911496
11914225
11927442
11944617
11958210
11958229
11962488
11964653
11966750
11974785
11976970
11981782
11994812
11995187
12004886
12005259
12017704
12018895
12021845
12027587
12042282
12055875
12059615
12059837
12062272
12063228
12067724
12072249
12077258
12082071
12089638
12091442
12092172
12095295
12104159
12110284
12114660
12114663
12126640
12133481
12135183
12141676
12153770
12153916
12154931
12160595
12162955
12166565
12169276
12169926
12177018
12178929
12179613
12181552
12184520
12194010
12195022
12195671
12201092
12208401
12209761
12212379
12215080
12225218
12230100
12236246
12253245
12254030
12254979
12255198
12255835
12262849
12263347
12266359
12281698
12282966
12283353
12288053
12290000
12303458
12305288
12307794
12315073
12330185
12345536
12351438
12353571
12353581
12353584
12366107
12373599
12376050
12376302
12385676
12388260
12405540
12410125
12415168
12420414
12448578
12450754
12458683
12460246
12462606
12475096
12477866
12489001
12490785
12491162
12491363
12491620
12498587
12508277
12510792
12517843
12524161
12529858
12533278
12535781
12542085
12545950
12546266
12547283
12549139
12553199
12566315
12578722
12603485
12610638
12615333
12615396
12615541
12621344
12623057
12626880
12631713
12642511
12651032
12658840
12662288
12671114
12676874
12677487
12680321
12683975
12709927
12714217
12727085
12737338
12741978
12749296
12757881
12759682
12759756
12767658
12775849
12776309
12789520
12796367
12796808
12800240
12821400
12822389
12824579
12828607
12857644
12864952
12870726
12885311
12886726
12896353
12897626
12898999
12899016
12904464
12922614
12926687
12935040
12941378
12959209
12971518
12980283
12989022
12994815
13005773
13012243
13015084
13018544
13043585
13056960
13057887
13067565
13071837
13073200
13075373
13079218
13083633
13088758
13092359
13100853
13108224
13119237
13127379
13140079
13140230
13144036
13145814
13147192
13147206
13161485
13164182
13165805
13172210
13172705
13175562
13187794
13190616
13193837
13194971
13235545
13251828
13251837
13287196
13301366
13302396
13313839
13313981
13314880
13335956
13337737
13342077
13344163
13358627
13359996
13366197
13366779
13375400
13377554
13378418
13381181
13382151
13384418
13392465
13399447
13407026
13415086
13416155
13432667
13444249
13450988
13455902
13463059
13472363
13472708
13477084
13477136
13478541
13478741
13494412
13498716
13501493
13503347
13512375
13527668
13528430
13532163
13544429
13550724
13565352
13565585
13568047
13568317
13580808
13589016
13589360
13600864
13611223
13616950
13620584
13645475
13650414
13655179
13659106
13666844
13669531
13697311
13709698
13744465
13752683
13752764
13752785
13782402
13782891
13785821
13807917
13810935
13822699
13828118
13846931
13847009
13853127
13867362
13889287
13896981
13938206
13939161
13945313
13945374
13961133
13979055
13999651
14026248
14028623
14032840
14034447
14035751
14042957
14045884
14053832
14067270
14068330
14074179
14102521
14108107
14121297
14126064
14130513
14134124
14137488
14159168
14221856
14222558
14235060
14235212
14235337
14238937
14243172
14244821
14246495
14251483
14259550
14259899
14274594
14283206
14289349
14312928
14323342
14327382
14335221
14337960
14375246
14386368
14400237
14405990
14409552
14414095
14430963
14440732
14449368
14454507
14537493
14542577
14552971
14560323
14585364
14593423
14594284
14636408
14668030
14669395
14669422
14701709
14708638
14723952
14728757
14755328
14768125
14809291
14811830
14823398
14835481
14879064
14887087
14890292
14927075
14931302
14931833
14947435
14996471
15000363
15001095
15012944
15074131
15149328
15150515
15161599
15168578
15184654
15204532
15205433
15210169
15216685
15230323
15284918
15285454
15288555
15293124
15304108
15323290
15376513
15378362
15396168
15418298
15430514
15454053
15491534
15497061
15501585
15552349
15559663
15562583
15588660
15594434
15607450
15607795
15630813
15653286
15657126
15665886
15705610
15724686
15733084
15737717
15775208
15842581
15871216
15894841
15909776
15910574
15911285
15911934
15959594
15982178
16017487
16032106
16043492
16050351
16055053
16092097
16092114
16095851
16097474
16097540
16097561
16098954
16104720
16104722
16104784
16104785
16106780
16110767
16132836
16181250
16181338
16181339
16183535
16192250
16215279
16219237
16222775
16256469
16256655
16285657
16373516
16375491
16424636
16461743
16469120
16486940
16493312
16494390
16494391
16502196
16509675
16540696
16568550
16577165
16638089
16654653
16654764
16657580
16681704
16691199
16832302
16837102
16845477
16883238
16979776
17085461
17086028
17091976
17139901
17154394
17161310
17198995
17212279
17269690
17291912
17300785
17313939
17327113
17365557
17368339
17382390
17399469
17399576
17405792
17422972
17466525
17469138
17488462
17499179
17509599
17510630
17510663
17510781
17518498
17520600
17525033
17528992
17535013
17581813
17582544
17591139
17608810
17633721
17635003
17718013
17739006
17739718
17752077
17758659
17768491
17786013
17788695
17804142
17822542
17831519
17839829
17902754
17908240
17916830
17931015
17931111
17935460
17960697
17977257
17981389
17990276
17991459
18008945
18012375
18013317
18014308
18027412
18030622
18046313
18061379
18062625
18064459
18069600
18099206
18100675
18111479
18114322
18136175
18138509
18140248
18157582
18161067
18162689
18172247
18180532
18185249
18186449
18194438
18200419
18214671
18252064
18272425
18277771
18294703
18298320
18310284
18332348
18337132
18346051
18356195
18368233
18369008
18386007
18387199
18421901
18450061
18462165
18465322
18471037
18476514
18476522
18481489
18483155
18488509
18502157
18503929
18508156
18508895
18510841
18510876
18518656
18523594
18523672
18528136
18537436
18571498
18572086
18578504
18581086
18611426
18612053
18617695
18629388
18630894
18636840
18654538
18675062
18681253
18681353
18691143
18707056
18709249
18712896
18712959
18716313
18719434
18721409
18729175
18733424
18736942
18741443
18742917
18745295
18762877
18765529
18765880
18773300
18791415
18794069
18794755
18803057
18803162
18805542
18811010
18814574
18815719
18819416
18821956
18821960
18823243
18825071
18828696
18831497
18831815
18834383
18834777
18851146
18863457
18865126
18867392
18869042
18870173
18874330
18881598
18885754
18888914
18889100
18889432
18889562
18889563
18889564
18889565
18889566
18889567
18889568
18889569
18889570
18889571
18889572
18889573
18889574
18889575
18889576
18889577
18889578
18889579
18889580
18889581
18889582
18889583
18889584
18889585
18889586
18889587
18889588
18889589
18889590
18889591
18889592
18889593
18889594
18889596
18889597
18889598
18889599
18889600
18889601
18889602
18889604
18889605
18889606
18889607
18889609
18889610
18889611
18889612
18889613
18889614
18889615
18889616
18889617
18889618
18889620
18889621
18889622
18889623
18889624
18889625
18889626
18889627
18889628
18889629
18889630
18889631
18889632
18889633
18889634
18889635
18889636
18889637
18889638
18889639
18889640
18889641
18889642
18889643
18889644
18889645
18889646
18889647
18889648
18889649
18889650
18889651
18889652
18889653
18889654
18889655
18889656
18889657
18889658
18889659
18889660
18889662
18889663
18889664
18889665
18889666
18889668
18889669
18889670
18889671
18889672
18889673
18889675
18889694
18890882
18893609
18895098
18895142
18896010
18896572
18897152
18897160
18897166
18897174
18908560
18908894
18918169
18925123
18928524
18931127
18935090
18946097
18953859
18954149
18957497
18967001
18971343
18978017
18980934
18986425
18993723
18999034
19008296
19022984
19027163
19031189
19033998
19038486
19043413
19044452
19045360
19047944
19054185
19056865
19057764
19058891
19065290
19075366
19079630
19085600
19117486
19124369
19124879
19127687
19130058
19131813
19132493
19135951
19137179
19145179
19153080
19153681
19159885
19159954
19160295
19168796
19169640
19171194
19177816
19178989
19183109
19187333
19188759
19198847
19200473
19200474
19200493
19219332
19235736
19237545
19240637
19245498
19246719
19251421
19259514
19261401
19264973
19265539
19270513
19272142
19272838
19272972
19275138
19276642
19277335
19279219
19281195
19290068
19318304
19328488
19335442
19342114
19344631
19350862
19350894
19363733
19374014
19374880
19380515
19386067
19387625
19392415
19394344
19401168
19403844
19404626
19408500
19409468
19413753
19418760
19421244
19422787
19427848
19428805
19436511
19436734
19451223
19451679
19453075
19457989
19458004
19458013
19459884
19461441
19461589
19462516
19468339
19474539
19476099
19479078
19479089
19479984
19480751
19483095
19488026
19490734
19491377
19491732
19505969
19506272
19515449
19522744
19525342
19527210
19529079
19532910
19532956
19536191
19536780
19542551
19549158
19549195
19561115
19561234
19572309
19574288
19577283
19578171
19584268
19586188
19586900
19592757
19596423
19597234
19597702
19598935
19599855
19602458
19603108
19606411
19606819
19608240
19611724
19615646
19617923
19617928
19618120
19620232
19620622
19622983
19624686
19628083
19632013
19656677
19658242
19658714
19672454
19686595
19686632
19686634
19686636
19686804
19687017
19687022
19687024
19687064
19687121
19687214
19687271
19687463
19687488
19687596
19695192
19701304
19711774
19712311
19713314
19724544
19724602
19724959
19724970
19724994
19724995
19725038
19726334
19732762
19733046
19753726
19753894
19754915
19755745
19756847
19765661
19765859
19765860
19765883
19765955
19773745
19773792
19773864
19773908
19777839
19779580
19783065
19790695
19799473
19815688
19819687
19831157
19838920
19853439
19858476
19858797
19863428
19866135
19867188
19868326
19870985
19891741
19891742
19891790
19891795
19891858
19891902
19891908
19891909
19892026
19892667
19892841
19893026
19893073
19893116
19899264
19899501
19900562
19926848
19964068
19964379
19964590
19964591
19968065
19969237
19973906
19974677
19977519
19982734
19984156
19984188
19984509
19984729
19985029
19992105
20001696
20002346
20038528
20039976
20040246
20042851
20044129
20051853
20060369
20083240
20084719
20086127
20086140
20086328
20086336
20086342
20088391
20088404
20088466
20096167
20096709
20111711
20127531
20130572
20132731
20133545
20134035
20134439
20138276
20138286
20139602
20140399
20144386
20145417
20146254
20146449
20150462
20151109
20157351
20160963
20171391
20171920
20172154
20177097
20179951
20182898
20200807
20216644
20222126
20230220
20230221
20231897
20233965
20234282
20234877
20237419
20237590
20273220
20277874
20279088
20280929
20305217
20314195
20316548
20319782
20336049
20336050
20336051
20336052
20336053
20336054
20336055
20336056
20336057
20336058
20336059
20336060
20336061
20336062
20336063
20336064
20336065
20336066
20336067
20336068
20336069
20336070
20336071
20336072
20336073
20336074
20336075
20336076
20336077
20336078
20336079
20336080
20336081
20336082
20336083
20336084
20336085
20336086
20336087
20336088
20336089
20336090
20336091
20336092
20336093
20336094
20336095
20336096
20336097
20336098
20336099
20336100
20336101
20336102
20343059
20343406
20349561
20350039
20359936
20359941
20360257
20365376
20366641
20374971
20375163
20375274
20375451
20375516
20375546
20375562
20375567
20375615
20375620
20375625
20375628
20375651
20375704
20375844
20375874
20375875
20375876
20376091
20376094
20376098
20376156
20376717
20376841
20381474
20384379
20384385
20384396
20385312
20392447
20392546
20392842
20392904
20393941
20402748
20406971
20407854
20408440
20408918
20408940
20408948
20411682
20414742
20419410
20422261
20422505
20423093
20423133
20425375
20428677
20429762
20430928
20431369
20431376
20431397
20431435
20434433
20434634
20436258
20436629
20436676
20436678
20446005
20447175
20447953
20448462
20448541
20449215
20450557
20450611
20451419
20452206
20453094
20454200
20455976
20456493
20465950
20466259
20466286
20471080
20472969
20473346
20473356
20473360
20473366
20475013
20476338
20477204
20478392
20478710
20481936
20481952
20482976
20483306
20488315
20489284
20491543
20491944
20492619
20494567
20504089
20505081
20505086
20505738
20506657
20507304
20508601
20509433
20510093
20510264
20510825
20511385
20511387
20513049
20517416
20519024
20519221
20524522
20526137
20526141
20527483
20532743
20533034
20533955
20534450
20536882
20537212
20537579
20538434
20538548
20538843
20539157
20539889
20540897
20542032
20544396
20545755
20545972
20546568
20551173
20554635
20555739
20557490
20559784
20563910
20569672
20571647
20573296
20574426
20574896
20575466
20575596
20577106
20578744
20578848
20580028
20583732
20584850
20585762
20585832
20586015
20586616
20586925
20590447
20590685
20590761
20591991
20595540
20599582
20601899
20602249
20602251
20604676
20606204
20606209
20606221
20606646
20608017
20609193
20611012
20611383
20611770
20613729
20614575
20615004
20617159
20618110
20619714
20620935
20622571
20623491
20623610
20628011
20630434
20631930
20634060
20634252
20634320
20634695
20635091
20635401
20637041
20637244
20637926
20638421
20638479
20639176
20640019
20641916
20644598
20647511
20647544
20647568
20649597
20650911
20650928
20651507
20652145
20652522
20653609
20653827
20653855
20653886
20657453
20659107
20659692
20659996
20660430
20660931
20661505
20661534
20661802
20662064
20662333
20662579
20663421
20663599
20663959
20663962
20663968
20663972
20663975
20663999
20664001
20664139
20664140
20664645
20664712
20664908
20666035
20667033
20667362
20668305
20668755
20671156
20671976
20672494
20673053
20674012
20674202
20676600
20677870
20678854
20678948
20679061
20679319
20680085
20680657
20681712
20683010
20683590
20690875
20692787
20693158
20693970
20694126
20694224
20695861
20696329
20696357
20696368
20696380
20696411
20696424
20696453
20696457
20696474
20696481
20696493
20696886
20697311
20697374
20697695
20698933
20699576
20699780
20702433
20702650
20703307
20703308
20703385
20704022
20704116
20705017
20705163
20708020
20708040
20708063
20708080
20708178
20708213
20708470
20708583
20710996
20711126
20711573
20711874
20716118
20716176
20716891
20716906
20717072
20717305
20717430
20717584
20717951
20717981
20719015
20719706
20719787
20720179
20720369
20720521
20721061
20724125
20724422
20726158
20726272
20726274
20726978
20727805
20727821
20727879
20728182
20730628
20730636
20730638
20730643
20731043
20731379
20731431
20732397
20732633
20732930
20734747
20734750
20734759
20734762
20734764
20734777
20734788
20734801
20734807
20734812
20734870
20734947
20735444
20736003
20736227
20736238
20736581
20738401
20740019
20740020
20740422
20740423
20740442
20740444
20741692
20742462
20743985
20744981
20747333
20747334
20747456
20747457
20747470
20747706
20748628
20749153
20749434
20750313
20750435
20750545
20750697
20750704
20750721
20752144
20753640
20753641
20753646
20755632
20755740
20756037
20756129
20756246
20756590
20757560
20757580
20757620
20757661
20757671
20758199
20758411
20758885
20759675
20759879
20760052
20760517
20760546
20761789
20762654
20762655
20763083
20764003
20764507
20765153
20765709
20766103
20767681
20767892
20771755
20772100
20772180
20772181
20772182
20772183
20772189
20772207
20772232
20772236
20773542
20773731
20774259
20774656
20775281
20775297
20776553
20776602
20777188
20777669
20778049
20778277
20778565
20780965
20782507
20782530
20783659
20783743
20785505
20785518
20788013
20788314
20788582
20789120
20790453
20790464
20790468
20790944
20791110
20792171
20792180
20792251
20792606
20793273
20793291
20793424
20793428
20793429
20793442
20793489
20793492
20793495
20793502
20794309
20794328
20795126
20795127
20795261
20796610
20796746
20796926
20797238
20797994
20798516
20798824
20799288
20800315
20800742
20800775
20800821
20800835
20801620
20801634
20802401
20802417
20802798
20802937
20803378
20803379
20804657
20804658
20807011
20807670
20807787
20807824
20808608
20808760
20809182
20809332
20809424
20810122
20810183
20810185
20810299
20812301
20812622
20815434
20816138
20816215
20816486
20817456
20817913
20817956
20817975
20818086
20818382
20819259
20821782
20822030
20823094
20825555
20826179
20826879
20827397
20827710
20827838
20827840
20827844
20827846
20828372
20828908
20828997
20833019
20833359
20833526
20834091
20834333
20834653
20834914
20834968
20836155
20836510
20837149
20837184
20837225
20837293
20840399
20844979
20845335
20845363
20845369
20845453
20845984
20847038
20848418
20849655
20850400
20850812
20850869
20851711
20852113
20853212
20853880
20854777
20854779
20854918
20855527
20855946
20856160
20856207
20856355
20857042
20857099
20857169
20857672
20857736
20857873
20858000
20858110
20858989
20860082
20861353
20861715
20862666
20863254
20863260
20863744
20864546
20864669
20864692
20864975
20866046
20866572
20866577
20866657
20867005
20867880
20868132
20868590
20868917
20869083
20869662
20870785
20870899
20870945
20872076
20872652
20872656
20872805
20872808
20872818
20872845
20873560
20873686
20874327
20875592
20875701
20875723
20875753
20875756
20876344
20876471
20876481
20877916
20878002
20878411
20878632
20878930
20879771
20881041
20881275
20884164
20885411
20887037
20887046
20887160
20887465
20887520
20887789
20887844
20888055
20889427
20889512
20889907
20890074
20890244
20893022
20893547
20893834
20894137
20894158
20894216
20894225
20894231
20894292
20894769
20894834
20895103
20895187
20895194
20895204
20895223
20895234
20895240
20895313
20895325
20895455
20895467
20895468
20895488
20895493
20895496
20895505
20895509
20895510
20895511
20895518
20895530
20895562
20895588
20895589
20895609
20895620
20895649
20895650
20895687
20895690
20895695
20896206
20896979
20897363
20897529
20897593
20898017
20898199
20898306
20898494
20900646
20901075
20901621
20901745
20901791
20901794
20901808
20901819
20901828
20901897
20902889
20903925
20904376
20905635
20905682
20905700
20905878
20906522
20907245
20907267
20907596
20908495
20908828
20909244
20909360
20909520
20909601
20910686
20910687
20910694
20910708
20910709
20910860
20910862
20910863
20910871
20910987
20911815
20912192
20912211
20913018
20913182
20913225
20913595
20913914
20913925
20913936
20913941
20913946
20914203
20914661
20915033
20915092
20915457
20916194
20916211
20916283
20916388
20916449
20917054
20917490
20918022
20918260
20918706
20918823
20919252
20919344
20919348
20920016
20920023
20920419
20920765
20920775
20922119
20922125
20922226
20923081
20924142
20924742
20925645
20926242
20927905
20928146
20928320
20928662
20929746
20929768
20929819
20930281
20930769
20930924
20930932
20930952
20931813
20932800
20932809
20933411
20933530
20933531
20933534
20933548
20933602
20933617
20933619
20933620
20933634
20933792
20933882
20934258
20934300
20934372
20934393
20934435
20934445
20934458
20934494
20934513
20934920
20934959
20935579
20935729
20936097
20936566
20936675
20937797
20938044
20938152
20939264
20939630
20939931
20940211
20940454
20940896
20940902
20941290
20941305
20941307
20941668
20941933
20941975
20942150
20942270
20942275
20943244
20943429
20943440
20943611
20943619
20943912
20944558
20945037
20945147
20945164
20945237
20945275
20945276
20945333
20945374
20945951
20946393
20946410
20947008
20947258
20947597
20947676
20947987
20948029
20948295
20948501
20948558
20948628
20949311
20949325
20950351
20950496
20950807
20951568
20951581
20951817
20951820
20951824
20951834
20951839
20951852
20951877
20952327
20952366
20952444
20953572
20953670
20954326
20954448
20954452
20954524
20954676
20954682
20954690
20954697
20955125
20955329
20955985
20956067
20957044
20957506
20957521
20957578
20958293
20958680
20959753
20960224
20960405
20960901
20961404
20961460
20961516
20961593
20962643
20962670
20962711
20964273
20964340
20965848
20966391
20966409
20966429
20966431
20966436
20966437
20966440
20966447
20966454
20966462
20966472
20966477
20966524
20966529
20966548
20966553
20966556
20966559
20966605
20966664
20966715
20967417
20970429
20970458
20970736
20972129
20973021
20973929
20974414
20975048
20975137
20978763
20978768
20978776
20978778
20978782
20978896
20978918
20978920
20978921
20978923
20980669
20980677
20981261
20981902
20986058
20986740
20986752
20986764
20987475
20988001
20989064
20990292
20992011
20992557
20994668
20995153
20995864
20995874
20996473
20997211
20997471
20998212
20998365
20998836
20998862
20998912
20999444
20999514
20999557
20999663
20999950
21000148
21000234
21000243
21000246
21000255
21000256
21000279
21000280
21000281
21000839
21000946
21000962
21001200
21001246
21005385
21006319
21008116
21009776
21010556
21010830
21011003
21012292
21012770
21013021
21013878
21013985
21014159
21014654
21014729
21015257
21016709
21016819
21016864
21016928
21017002
21018938
21021562
21022184
21022325
21022357
21022598
21023015
21024007
21024143
21024206
21024520
21024753
21024807
21024926
21024929
21025375
21025391
21025685
21026367
21026371
21026418
21027803
21028016
21028471
21028488
21028537
21028575
21028665
21028695
21028845
21028919
21028976
21029311
21029316
21029711
21029836
21029987
21030383
21030442
21030700
21031800
21032406
21032809
21033150
21033474
21033513
21034192
21035415
21041611
21041699
21042451
21042543
21042646
21042851
21042960
21042964
21043144
21044843
21045002
21047520
21048915
21049025
21050030
21050978
21051353
21052274
21052618
21053120
21053725
21054055
21054790
21055229
21055252
21055287
21056400
21056912
21057146
21057269
21057288
21057363
21058399
21058405
21058510
21058755
21059160
21064436
21064525
21065327
21065420
21065437
21066245
21066347
21066482
21066820
21067072
21067193
21067442
21067505
21067896
21067963
21068015
21068143
21068508
21068785
21069023
21069287
21075248
21075271
21075396
21075996
21076054
21076093
21076128
21076507
21076514
21077006
21077063
21077074
21077075
21077077
21077088
21077095
21077561
21077660
21077701
21078184
21078191
21079847
21085010
21085138
21085256
21085296
21086656
21086747
21086751
21089293
21089404
21089443
21089668
21089849
21089993
21090313
21090359
21090373
21090584
21090763
21090798
21091160
21091215
21091860
21092053
21092091
21092621
21093233
21093850
21093856
21093865
21094113
21094266
21094268
21094464
21095456
21095470
21095503
21095525
21095529
21095893
21096091
21096375
21096860
21096867
21097347
21097369
21097658
21098914
21098920
21099010
21099023
21099132
21099426
21099617
21099619
21099622
21099625
21100004
21100020
21100251
21100807
21101018
21101587
21102050
21102144
21102222
21102435
21102934
21103498
21103678
21104036
21104201
21104358
21104862
21104932
21105227
21105231
21105235
21105290
21105943
21105976
21105980
21106803
21106827
21107061
21107495
21107715
21107825
21109625
21109640
21110140
21111030
21111193
21111335
21111513
21112403
21113350
21113439
21113633
21114216
21114368
21114872
21114904
21114967
21115405
21115466
21117360
21118126
21118156
21118364
21119578
21119686
21120188
21121077
21121607
21121629
21121703
21121745
21121755
21121764
21121771
21122504
21123662
21124192
21124237
21125527
21126050
21126173
21126207
21126685
21126947
21126956
21127750
21128974
21129225
21129574
21129596
21129620
21129625
21130167
21130921
21131291
21132013
21132077
21133478
21134110
21134155
21134192
21136682
21136748
21137709
21137820
21137825
21137828
21138372
21138791
21139391
21140071
21141035
21141225
21141893
21143162
21143820
21143888
21144123
21144475
21145046
21145438
21145936
21146295
21146303
21146308
21146367
21146373
21146381
21146417
21146699
21146878
21147303
21148019
21148157
21148727
21149192
21151918
21153372
21153678
21153720
21165543
21165570
21165960
21166545
21166847
21167029
21167032
21167406
21167462
21175952
21178340
21178486
21178487
21178494
21178521
21178535
21178536
21178540
21178546
21178565
21178570
21178995
21180198
21180540
21190069
21190159
21190217
21190465
21191010
21191014
21191451
21191593
21191963
21192126
21192498
21192797
21193037
21193859
21194118
21194616
21194826
21195277
21195626
21195628
21195771
21195865
21195889
21196020
21196031
21196057
21196100
21196105
21196816
21197290
21197355
21197912
21197930
21197962
21198166
21198181
21198202
21198510
21198542
21198584
21198733
21198962
21198979
21199149
21199195
21199282
21199392
21199411
21199596
21199706
21199805
21200044
21200096
21200157
21200183
21200207
21200379
21200900
21201324
21201402
21201432
21201469
21201691
21201729
21201749
21201918
21202091
21202116
21202200
21202298
21202307
21202320
21203148
21203233
21203454
21203558
21204010
21204018
21204098
21204128
21204599
21204634
21205659
21205963
21206279
21206328
21207442
21207577
21207665
21208101
21208896
21209041
21209399
21209445
21209598
21210349
21210367
21210807
21211068
21211084
21211124
21211157
21211304
21211320
21211372
21211379
21211465
21211495
21211640
21212085
21212302
21212627
21212907
21213375
21213471
21213511
21214297
21214344
21214549
21214814
21215216
21215223
21215422
21215796
21215942
21216087
21216171
21216547
21216637
21216654
21216970
21217021
21217157
21217277
21217324
21217360
21217820
21217851
21218561
21218690
21218706
21218869
21218884
21219012
21219189
21219330
21219460
21219873
21221035
21221037
21221040
21221042
21222233
21222255
21222487
21222603
21222960
21223093
21223322
21223492
21224398
21224502
21224517
21224933
21225393
21225484
21225560
21225680
21225693
21226644
21226706
21228007
21228110
21228172
21228502
21228512
21228529
21228542
21228780
21228926
21229003
21229060
21229077
21229231
21229813
21230222
21231683
21232599
21239697
21239705
21240054
21240072
21240605
21240931
21241283
21241303
21242168
21242268
21242485
21242636
21243523
21244274
21244299
21244336
21244347
21244503
21244711
21244723
21245134
21245178
21245270
21245272
21245487
21254023
21254104
21254253
21254256
21254845
21254850
21254949
21255237
21255238
21255241
21255248
21255255
21255368
21255397
21255405
21256021
21256022
21256023
21256431
21256444
21257006
21257616
21265667
21265917
21266231
21266297
21266404
21266788
21267129
21267866
21267884
21268808
21268913
21269047
21269085
21269488
21270478
21270481
21270548
21270587
21270738
21270811
21270928
21270953
21271347
21271349
21271352
21271353
21271370
21271748
21271806
21271884
21272186
21272362
21273545
21273548
21273551
21273554
21273556
21273561
21273933
21274068
21279098
21279681
21279923
21279994
21280167
21280387
21280440
21280732
21280867
21280874
21281132
21281251
21281255
21284188
21284566
21284595
21285216
21285426
21285502
21285512
21285674
21286048
21286105
21286744
21286885
21286893
21286903
21287301
21287307
21287640
21287710
21287928
21287931
21287932
21288126
21288207
21288456
21288979
21289166
21289491
21289508
21289542
21289911
21291332
21291880
21291965
21292260
21292448
21292470
21292676
21293314
21293486
21294047
21294189
21294267
21294360
21294956
21295090
21295359
21295367
21295373
21295375
21295382
21295394
21295459
21295494
21295497
21295498
21295709
21295896
21295899
21295903
21295905
21295908
21295921
21295931
21295946
21295992
21296014
21296053
21297244
21297798
21297818
21297839
21299563
21301194
21301195
21301319
21301431
21302212
21302687
21302777
21302897
21303038
21303447
21303449
21303506
21303510
21303511
21303512
21303513
21303526
21303531
21303534
21303536
21303539
21303540
21303543
21303544
21303545
21303547
21303564
21303573
21303574
21303575
21303576
21303577
21303578
21303579
21303581
21303582
21303583
21303584
21303588
21303590
21303596
21303619
21303623
21303638
21303640
21303645
21303656
21303681
21303705
21303709
21303713
21303714
21303716
21303722
21303724
21303753
21303857
21303863
21303866
21303873
21303879
21303894
21303896
21303897
21303902
21303906
21303915
21303917
21303919
21303920
21303922
21303969
21303970
21303979
21304497
21305284
21311203
21311611
21311648
21311660
21312226
21312628
21312648
21312689
21312933
21313244
21313330
21314395
21314785
21314830
21314834
21314882
21315651
21315740
21315741
21316097
21316228
21316585
21316708
21317234
21317909
21317979
21318019
21318807
21318832
21318949
21318963
21319051
21319186
21319649
21319658
21319699
21320734
21320857
21321449
21321613
21321631
21321723
21321783
21321787
21321820
21321899
21321904
21322014
21322073
21322080
21322340
21322396
21322692
21322862
21322917
21322919
21322920
21322921
21323059
21323087
21323514
21323525
21323578
21323585
21323749
21323750
21323752
21323782
21323786
21323788
21323815
21323844
21323859
21323863
21323873
21323886
21323947
21323987
21324006
21324014
21324023
21324058
21324098
21324102
21324112
21324180
21324193
21324195
21324199
21324207
21324210
21324287
21324290
21324298
21324334
21324339
21324357
21324382
21324385
21324394
21324405
21324407
21324409
21324841
21325028
21325311
21325315
21325344
21325347
21325348
21325349
21325350
21325355
21325392
21325396
21325400
21325436
21325979
21326014
21326479
21329911
21329967
21330631
21330769
21330924
21331178
21332354
21332460
21332469
21332477
21332533
21332568
21332582
21332622
21333658
21333764
21334213
21334367
21334378
21334385
21334434
21334658
21334666
21334681
21334684
21334833
21334899
21334925
21335007
21335331
21335435
21335867
21335872
21335880
21335881
21335916
21335930
21336013
21336022
21336026
21336028
21336080
21336615
21337307
21338465
21338718
21338741
21339454
21339467
21339468
21339470
21339471
21339473
21339475
21339478
21339481
21339486
21339490
21339491
21339815
21339863
21340797
21341023
21341894
21342097
21342906
21342945
21343053
21343361
21343515
21343566
21344206
21345999
21346676
21346686
21346784
21347022
21347100
21348471
21348663
21349061
21349173
21349406
21349411
21350366
21350704
21350921
21350974
21351562
21351656
21351720
21351755
21351756
21351757
21351759
21351762
21351778
21351874
21351882
21351988
21352016
21352022
21352300
21352492
21352745
21352937
21352994
21353017
21353023
21353032
21353040
21353044
21353047
21353048
21353065
21353180
21354128
21354375
21354578
21354581
21354587
21354590
21354596
21354597
21354598
21354599
21354600
21354603
21354615
21354619
21354620
21354739
21354782
21354783
21354791
21354799
21354950
21355218
21355222
21355236
21355257
21355265
21355270
21355289
21355291
21355447
21355568
21355579
21356022
21356024
21356042
21356062
21356066
21356087
21356091
21356102
21356113
21356125
21356127
21356132
21356171
21356185
21356186
21356197
21356198
21356199
21356208
21366888
21366898
21366912
21366929
21366994
21367022
21367043
21367046
21367061
21367068
21367095
21367111
21367117
21367126
21367131
21367158
21367162
21367207
21367210
21367484
21367488
21367497
21367501
21367565
21367607
21367619
21367641
21374360
21380423
21381265
21381513
21381581
21381933
21382004
21382054
21382077
21382108
21382141
21382167
21382209
21382275
21382301
21382337
21382369
21382378
21382446
21382479
21382703
21382741
21383122
21383129
21383134
21383135
21383171
21383179
21383180
21383185
21383188
21383190
21383401
21383443
21383748
21383758
21383776
21383962
21384316
21384344
21384785
21384799
21385351
21385361
21385732
21386042
21386208
21386281
21386415
21386479
21386665
21386667
21387188
21387292
21387479
21387556
21387774
21387986
21388459
21388565
21388722
21388914
21389161
21389238
21389572
21389780
21389801
21389810
21389830
21389863
21389872
21390006
21390009
21390104
21390135
21390344
21390453
21390814
21390900
21390957
21391386
21391389
21392019
21392562
21392851
21393711
21393861
21394965
21395009
21395028
21395283
21395415
21395555
21395618
21395850
21395869
21396085
21396167
21396512
21396525
21396863
21396900
21396947
21396969
21397691
21397695
21398142
21399643
21399655
21399667
21399668
21399669
21399670
21399671
21399672
21399674
21399675
21399713
21400069
21400070
21400071
21400072
21400073
21400074
21400075
21400076
21400077
21400078
21400079
21400080
21400211
21400212
21400213
21400214
21400215
21400216
21400287
21400288
21400289
21400291
21400295
21400296
21400297
21400298
21400299
21400300
21400301
21400302
21400310
21400311
21400312
21400315
21400317
21400352
21400353
21400358
21400364
21400431
21400432
21400433
21400434
21400435
21400436
21400437
21400438
21400439
21400440
21400441
21400442
21400443
21401867
21401868
21401909
21402090
21402214
21402303
21402453
21402514
21402572
21403047
21403099
21403105
21403112
21403164
21403170
21403176
21403851
21404525
21405168
21405435
21405467
21405492
21405523
21405547
21405576
21405686
21406381
21406400
21406449
21406458
21406754
21406943
21407223
21407232
21407854
21407962
21408087
21409501
21409529
21409539
21409588
21409693
21409794
21409801
21410035
21410163
21410184
21410869
21410898
21411089
21411146
21411254
21411570
21411573
21411719
21411830
21412335
21412336
21412337
21412338
21412339
21412340
21412343
21412344
21412413
21412551
21412627
21412644
21412645
21412646
21412647
21412648
21412649
21412650
21412651
21412652
21412653
21412654
21412655
21412656
21412657
21412659
21412660
21412661
21412662
21412663
21412666
21412667
21412668
21413352
21413723
21413724
21413725
21413726
21413727
21413728
21413729
21413730
21413731
21413732
21413733
21413734
21413735
21413736
21413738
21413739
21413740
21413741
21413742
21413743
21413744
21414050
21414051
21414052
21414053
21414054
21414055
21414056
21414057
21414058
21414059
21414060
21414061
21414062
21414063
21414064
21414065
21414066
21414067
21414068
21414069
21414070
21414071
21414072
21414073
21414074
21414075
21414365
21414391
21414634
21414637
21414639
21414646
21414649
21414651
21414678
21414785
21414891
21414899
21415032
21415066
21415206
21415231
21415560
21415689
21415717
21415776
21415792
21415832
21415900
21415946
21416169
21416187
21416194
21416200
21416462
21416536
21416561
21416760
21416791
21416984
21417052
21417068
21417122
21417127
21417264
21417570
21417976
21418322
21418415
21418477
21418739
21418793
21418839
21418863
21418871
21419104
21419124
21419436
21419463
21419517
21419874
21420171
21420185
21420188
21420369
21420381
21420437
21420449
21420680
21420855
21421435
21421630
21421706
21421747
21421778
21421802
21421809
21422028
21422283
21422310
21422329
21422336
21422407
21422477
21422496
21422559
21422631
21422847
21422855
21423558
21423816
21423823
21424056
21424118
21424797
21424799
21424802
21424829
21424830
21424831
21424832
21425067
21425094
21425408
21425531
21425555
21425634
21425666
21425726
21426258
21426448
21426450
21426497
21426626
21426636
21426726
21426734
21426856
21427087
21427126
21427148
21427170
21427182
21427521
21427740
21427838
21427972
21428062
21428122
21428404
21428641
21428650
21428664
21429029
21429067
21429211
21429249
21429264
21429297
21429301
21429326
21429382
21429401
21429568
21429629
21429745
21429762
21429770
21429832
21429870
21429905
21429949
21429998
21430024
21430256
21430595
21430734
21431051
21431063
21431064
21431136
21431230
21431310
21431457
21431496
21431581
21431632
21431640
21431717
21431723
21431738
21431764
21431775
21431786
21431789
21431796
21431860
21431890
21431944
21432056
21432074
21432081
21432102
21432163
21432204
21432270
21432349
21432378
21432624
21432639
21432641
21432654
21432666
21432673
21432676
21432816
21432885
21432919
21433020
21433058
21433148
21433149
21433178
21433214
21433274
21433435
21433438
21433444
21433467
21433549
21433576
21435343
21435353
21435370
21435371
21435374
21435387
21435388
21435390
21435391
21435392
21435393
21435398
21435451
21435475
21435478
21435479
21435496
21435500
21435502
21435521
21435539
21435540
21435543
21435553
21435594
21435600
21435615
21435634
21435654
21435733
21435765
21435775
21435793
21435803
21435923
21435946
21436007
21436014
21436023
21436042
21436060
21436073
21436133
21436186
21436201
21436215
21436252
21436266
21436271
21436314
21436365
21436377
21436410
21436413
21436417
21436474
21436506
21436516
21436591
21436629
21436637
21436639
21436686
21436695
21436719
21436748
21436755
21436765
21436797
21436822
21436892
21437043
21437046
21437066
21437072
21437087
21437130
21437134
21437195
21437199
21437221
21437265
21437297
21437306
21437330
21437390
21437396
21437405
21437421
21437426
21437429
21437436
21437437
21437449
21437464
21437466
21437472
21437484
21437501
21437514
21437524
21437525
21437527
21437539
21437550
21437554
21437557
21437576
21437577
21437579
21437605
21437608
21437610
21437611
21437618
21437622
21437623
21437639
21437642
21437648
21437669
21437681
21437745
21437763
21437764
21437766
21437782
21437785
21437789
21437797
21437808
21437812
21437912
21437926
21437930
21437942
21437944
21437950
21437956
21437965
21437979
21437993
21437998
21438003
21438004
21438006
21438013
21438016
21438017
21438034
21438043
21438047
21438059
21438078
21438093
21438097
21438103
21438112
21438119
21438134
21438136
21438138
21438154
21438166
21438175
21438195
21438205
21438225
21438237
21438277
21438282
21438295
21438313
21438319
21438356
21438374
21438406
21438450
21438484
21438500
21438563
21438573
21438624
21438634
21438638
21438660
21438666
21438670
21438671
21438672
21438673
21438674
21438675
21438677
21438678
21438679
21438680
21438681
21438682
21438683
21438684
21438685
21438686
21438687
21438689
21438690
21438692
21438694
21438697
21438698
21438699
21438700
21438701
21438702
21438705
21438707
21438709
21438710
21438711
21438712
21438713
21438714
21438715
21438716
21438720
21438721
21438722
21438723
21438724
21438725
21438726
21438727
21438728
21438729
21438730
21438731
21438732
21438733
21438735
21438736
21438741
21438742
21438743
21438745
21438746
21438750
21438752
21438753
21438754
21438755
21438756
21438757
21438761
21438762
21438767
21438768
21438772
21438773
21438774
21438777
21438778
21438781
21438782
21438786
21438789
21438790
21438792
21438795
21438797
21438801
21438803
21438804
21438811
21438812
21438813
21438814
21438818
21438825
21438826
21438828
21438832
21438838
21438840
21438843
21438844
21438846
21438847
21438848
21438849
21438851
21438852
21438854
21438857
21438858
21438860
21438862
21438865
21438867
21438868
21438870
21438871
21438874
21438876
21438877
21438882
21438883
21438884
21438885
21438887
21438890
21438891
21438892
21438894
21438895
21438898
21438900
21438902
21438903
21438904
21438905
21438906
21438908
21438909
21438910
21438911
21438912
21438913
21438916
21438917
21438919
21438920
21438923
21438925
21438928
21438929
21438932
21438933
21438935
21438937
21438939
21438940
21438941
21438943
21438944
21438946
21438947
21438950
21438953
21438954
21438955
21438962
21438963
21438964
21438965
21438967
21438968
21438970
21438971
21438973
21438975
21438976
21438977
21438981
21438982
21438984
21438986
21438987
21438989
21438990
21438991
21438992
21438994
21438995
21438997
21438998
21438999
21439000
21439002
21439004
21439005
21439006
21439007
21439008
21439010
21439012
21439014
21439015
21439018
21439019
21439020
21439023
21439024
21439026
21439027
21439028
21439030
21439032
21439033
21439035
21439037
21439038
21439039
21439041
21439042
21439043
21439048
21439051
21439053
21439054
21439056
21439057
21439058
21439059
21439061
21439063
21439064
21439065
21439066
21439069
21439070
21439071
21439072
21439074
21439076
21439078
21439082
21439085
21439087
21439088
21439090
21439094
21439096
21439097
21439102
21439105
21439108
21439110
21439112
21439113
21439118
21439119
21439120
21439126
21439127
21439130
21439131
21439132
21439134
21439137
21439138
21439141
21439142
21439144
21439146
21439147
21439148
21439151
21439153
21439154
21439155
21439157
21439160
21439162
21439165
21439166
21439169
21439174
21439178
21439180
21439181
21439182
21439186
21439189
21439190
21439191
21439194
21439196
21439197
21439200
21439201
21439203
21439205
21439206
21439208
21439210
21439211
21439214
21439215
21439217
21439218
21439219
21439220
21439221
21439223
21439226
21439227
21439229
21439230
21439231
21439234
21439235
21439237
21439240
21439242
21439246
21439248
21439250
21439251
21439253
21439254
21439257
21439258
21439261
21439263
21439264
21439265
21439266
21439267
21439269
21439270
21439271
21439272
21439273
21439275
21439276
21439278
21439279
21439282
21439283
21439284
21439285
21439286
21439287
21439289
21439291
21439292
21439293
21439296
21439297
21439298
21439299
21439300
21439303
21439305
21439306
21439307
21439308
21439312
21439314
21439315
21439316
21439317
21439319
21439321
21439322
21439323
21439324
21439325
21439326
21439327
21439328
21439329
21439330
21439332
21439333
21439336
21439337
21439338
21439339
21439340
21439341
21439343
21439344
21439345
21439346
21439348
21439349
21439352
21439357
21439358
21439359
21439360
21439361
21439362
21439364
21439365
21439366
21439367
21439368
21439369
21439370
21439371
21439372
21439373
21439374
21439375
21439376
21439377
21439379
21439382
21439384
21439385
21439387
21439389
21439390
21439391
21439393
21439394
21439395
21439396
21439398
21439400
21439401
21439402
21439403
21439405
21439406
21439407
21439408
21439409
21439411
21439412
21439413
21439414
21439415
21439416
21439417
21439418
21439420
21439421
21439422
21439424
21439426
21439427
21439428
21439429
21439430
21439431
21439432
21439434
21439436
21439438
21439439
21439440
21439441
21439442
21439444
21439445
21439446
21439448
21439450
21439451
21439452
21439453
21439454
21439455
21439456
21439457
21439458
21439460
21439461
21439462
21439463
21439464
21439465
21439467
21439468
21439471
21439472
21439475
21439476
21439477
21439479
21439480
21439482
21439483
21439484
21439485
21439486
21439487
21439488
21439490
21439491
21439492
21439493
21439495
21439496
21439498
21439500
21439502
21439503
21439504
21439505
21439508
21439510
21439512
21439513
21439515
21439517
21439518
21439519
21439520
21439522
21439523
21439524
21439526
21439528
21439529
21439530
21439531
21439532
21439533
21439534
21439535
21439536
21439537
21439538
21439539
21439540
21439542
21439543
21439544
21439545
21439546
21439548
21439550
21439551
21439552
21439553
21439554
21439555
21439558
21439560
21439561
21439562
21439564
21439565
21439567
21439570
21439572
21439574
21439575
21439576
21439579
21439581
21439587
21439588
21439589
21439590
21439591
21439592
21439593
21439594
21439595
21439597
21439599
21439600
21439601
21439603
21439604
21439605
21439606
21439607
21439609
21439610
21439611
21439612
21439613
21439615
21439616
21439617
21439618
21439619
21439620
21439621
21439622
21439625
21439626
21439628
21439629
21439630
21439631
21439632
21439633
21439634
21439635
21439637
21439638
21439639
21439642
21439643
21439644
21439646
21439650
21439651
21439652
21439653
21439655
21439656
21439657
21439658
21439663
21439665
21439666
21439667
21439668
21439669
21439671
21439673
21439674
21439675
21439676
21439677
21439678
21439679
21439682
21439683
21439685
21439686
21439687
21439691
21439692
21439694
21439695
21439696
21439697
21439698
21439700
21439702
21439703
21439704
21439705
21439706
21439708
21439709
21439710
21439713
21439714
21439716
21439717
21439721
21439722
21439723
21439725
21439726
21439727
21439728
21439729
21439731
21439732
21439734
21439735
21439737
21439739
21439740
21439741
21439744
21439745
21439746
21439747
21439748
21439749
21439750
21439752
21439753
21439756
21439757
21439758
21439760
21439762
21439763
21439767
21439771
21439772
21439773
21439774
21439775
21439776
21439777
21439778
21439779
21439780
21439781
21439782
21439783
21439784
21439785
21439787
21439788
21439789
21439790
21439791
21439792
21439845
21439846
21439849
21439850
21439851
21439852
21439853
21439854
21439855
21439856
21439857
21439859
21439860
21439861
21439862
21439868
21439870
21439871
21439872
21439873
21439874
21439875
21439876
21439877
21439878
21439879
21439880
21439881
21439882
21439883
21439884
21439885
21439886
21439888
21439889
21439890
21439891
21439892
21439894
21439895
21439896
21439897
21439898
21439899
21439900
21439901
21439902
21439903
21439904
21439905
21439911
21439913
21439914
21439915
21439916
21439917
21439918
21439920
21439921
21439922
21439923
21439924
21439925
21439926
21439927
21439928
21439929
21439930
21439931
21439932
21439933
21439934
21439935
21439936
21439938
21439939
21439940
21439942
21439943
21439944
21439945
21439947
21439948
21439949
21439950
21439951
21439952
21439955
21439956
21439957
21439959
21439960
21439961
21439962
21439963
21439964
21439966
21439967
21439968
21439969
21439970
21439971
21439972
21439973
21439974
21439976
21439977
21439978
21439979
21439980
21439981
21439982
21439984
21439985
21439986
21439987
21439988
21439989
21439990
21439991
21439992
21439994
21439995
21439996
21439997
21439998
21439999
21440000
21440001
21440002
21440003
21440004
21440005
21440006
21440007
21440008
21440009
21440010
21440015
21440016
21440017
21440018
21440019
21440020
21440021
21440022
21440023
21440024
21440025
21440029
21440030
21440031
21440032
21440034
21440035
21440037
21440038
21440040
21440041
21440042
21440044
21440045
21440049
21440051
21440053
21440058
21440059
21440060
21440062
21440063
21440064
21440065
21440066
21440068
21440069
21440070
21440071
21440073
21440075
21440077
21440079
21440081
21440082
21440084
21440086
21440088
21440089
21440090
21440092
21440093
21440094
21440095
21440097
21440099
21440101
21440102
21440104
21440105
21440107
21440109
21440110
21440112
21440114
21440116
21440118
21440121
21440122
21440123
21440124
21440126
21440127
21440129
21440130
21440131
21440132
21440134
21440135
21440136
21440137
21440138
21440140
21440141
21440142
21440143
21440144
21440147
21440149
21440150
21440152
21440153
21440154
21440155
21440156
21440158
21440159
21440160
21440161
21440162
21440163
21440164
21440167
21440168
21440169
21440170
21440172
21440173
21440175
21440178
21440179
21440180
21440182
21440183
21440185
21440188
21440189
21440190
21440191
21440193
21440195
21440197
21440202
21440204
21440206
21440207
21440208
21440209
21440212
21440214
21440218
21440220
21440221
21440223
21440224
21440225
21440226
21440227
21440228
21440230
21440233
21440238
21440240
21440242
21440243
21440245
21440248
21440251
21440252
21440253
21440255
21440256
21440258
21440259
21440261
21440262
21440264
21440265
21440267
21440269
21440270
21440272
21440273
21440275
21440276
21440278
21440279
21440281
21440282
21440283
21440284
21440285
21440286
21440287
21440288
21440289
21440291
21440292
21440294
21440295
21440296
21440298
21440299
21440300
21440301
21440302
21440303
21440304
21440305
21440308
21440309
21440311
21440312
21440315
21440316
21440318
21440319
21440320
21440322
21440323
21440324
21440327
21440328
21440329
21440331
21440332
21440333
21440335
21440336
21440337
21440338
21440341
21440343
21440345
21440348
21440349
21440350
21440351
21440352
21440353
21440355
21440356
21440358
21440359
21440360
21440361
21440364
21440365
21440366
21440367
21440368
21440369
21440370
21440371
21440372
21440373
21440375
21440376
21440377
21440378
21440380
21440382
21440383
21440384
21440385
21440386
21440387
21440388
21440389
21440390
21440391
21440392
21440394
21440395
21440396
21440399
21440400
21440403
21440404
21440406
21440407
21440409
21440410
21440411
21440412
21440413
21440415
21440416
21440417
21440418
21440419
21440420
21440421
21440422
21440423
21440424
21440425
21440426
21440427
21440428
21440429
21440430
21440431
21440432
21440433
21440434
21440435
21440436
21440437
21440438
21440439
21440440
21440441
21440442
21440443
21440444
21440446
21440447
21440448
21440449
21440450
21440451
21440453
21440454
21440455
21440456
21440457
21440458
21440459
21440460
21440461
21440462
21440463
21440464
21440465
21440466
21440467
21440469
21440470
21440471
21440472
21440473
21440474
21440475
21440476
21440477
21440478
21440479
21440480
21440481
21440482
21440483
21440484
21440485
21440486
21440487
21440488
21440489
21440490
21440491
21440492
21440493
21440494
21440495
21440496
21440497
21440498
21440499
21440500
21440501
21440502
21440503
21440504
21440505
21440506
21440507
21440508
21440509
21440510
21440511
21440512
21440513
21440514
21440515
21440516
21440517
21440518
21440519
21440520
21440521
21440522
21440523
21440524
21440525
21440526
21440527
21440528
21440529
21440531
21440533
21440535
21440536
21440537
21440538
21440539
21440540
21440541
21440542
21440543
21440544
21440546
21440547
21440548
21440549
21440550
21440551
21440552
21440554
21440555
21440559
21440561
21440562
21440563
21440564
21440565
21440572
21440577
21440579
21440582
21440584
21440586
21440587
21440588
21440589
21440594
21440599
21440600
21440601
21440602
21440603
21440605
21440606
21440609
21440610
21440614
21440622
21440624
21440626
21440632
21440633
21440646
21440648
21440649
21440651
21440652
21440656
21440658
21440659
21440660
21440661
21440662
21440663
21440664
21440665
21440666
21440667
