59668
655612
837740
950532
1564199
2022549
2591540
3453063
3882279
4459094
4909739
5419647
5419648
5603035
5687293
5691146
5815260
5820818
5833217
5835493
5955022
6285743
6423782
6611997
6751256
6752054
6756502
6955892
7218696
7220471
7220556
7317560
7377187
7417930
7513434
7690380
7911379
8159121
8161433
8210952
8291383
8577604
8622351
8636901
8763691
8899284
8950908
9026548
9093603
9102552
9103027
9199844
9219918
9232332
9353648
9558694
9564078
9579349
9613227
9717906
9912054
10029400
10030429
10030581
10039641
10042181
10173526
10284369
10499631
10500214
10507246
10532647
10542047
10542833
10563852
10798216
11119974
11120303
11134066
11135132
11135256
11135348
11139630
11139941
11141574
11142024
11142353
11142635
11144036
11146884
11147018
11147473
11149172
11150801
11150882
11150904
11155060
11164355
11165796
11166008
11167937
11171573
11171678
11172839
11173254
11176407
11177386
11179301
11179563
11183551
11191051
11192830
11198990
11200484
11200998
11201835
11201929
11208549
11210533
11215065
11218872
11219304
11221534
11224131
11227588
11234775
11245492
11251950
11255044
11259817
11259847
11260575
11261041
11264619
11266193
11266195
11270164
11275281
11280823
11282330
11285206
11287974
11289356
11290492
11293887
11302735
11308380
11311126
11311159
11314395
11316411
11320180
11321925
11324653
11326144
11326823
11327389
11328707
11331299
11342507
11358386
11360183
11367412
11370726
11372137
11372149
11372266
11373763
11373767
11373825
11373826
11378954
11392004
11394142
11395711
11396781
11401689
11401997
11407159
11408033
11408035
11416988
11419644
11420689
11435322
11435919
11436655
11448665
11449864
11450341
11450965
11465632
11465736
11467654
11468761
11481187
11485566
11489431
11493494
11494081
11494151
11494480
11496886
11497378
11498570
11499496
11500824
11500828
11507146
11507392
11673325
11693318
11703620
11738575
11867745
11942827
11952508
11952549
11952749
11955421
11987994
12080877
12148376
12233608
12286368
12304778
12369008
12419234
12427269
12459393
12475430
12481766
12521229
12576127
12581943
12616368
12741603
12776610
12824057
12829498
13022454
13024848
13121990
13152262
13191707
13244711
13307869
13311353
13420270
13420271
13632310
13634998
13694884
13706180
13748661
13791120
13791121
13791122
13822988
13859450
13864108
13915913
13953253
13959227
14003155
14028479
14124948
14695609
14695667
14739495
14767980
14842574
14843091
14896280
15065985
15107738
15145934
15146075
15322865
15515382
15518381
15532293
15598748
15742279
15769709
15898535
15937258
15937588
15980435
16069330
16137448
16181243
16204973
16274109
16350707
16371370
16373341
16422847
16445457
16495474
16508408
16548712
16553981
16568952
16569144
16572785
16672257
16727090
17269589
17291540
17296002
17364418
17431536
17450492
17655185
17662893
17666740
17674943
17674948
17714233
17867463
17948575
17951205
18019570
18052248
18094543
18313378
18444430
18513797
18602958
18657723
18708576
18713024
18719991
18978122
19006403
19017632
19030513
19084467
19084488
19084512
19088640
19145132
19218661
19240607
19307125
19354732
19425940
19466652
19553665
19567725
19568654
19620353
19620622
19620740
19661117
19828542
19865720
19898701
19926711
19977110
19977179
20061261
20061954
20061979
20062007
20062044
20064933
20086412
20086420
20086520
20086526
20086558
20086561
20086564
20086575
20086576
20086579
20111030
20128464
20128474
20133397
20150603
20283661
20323693
20349109
20351398
20366426
20375384
20376176
20385671
20386406
20426925
20448303
20469617
20485840
20537336
20551171
20578755
20599047
20599266
20600330
20601038
20604801
20618326
20627944
20630253
20630374
20666286
20667878
20668474
20679425
20695312
20708081
20708820
20709055
20714466
20717707
20729546
20736042
20766194
20808651
20821005
20821090
20821161
20841601
20847716
20870531
20873961
20873991
20879764
20885659
20889493
20893721
20903061
20903502
20903548
20907171
20912311
20913092
20913161
20913220
20914720
20935583
20936567
20938106
20947508
20949763
20954274
20954445
20965051
20973656
20974208
21005806
21006242
21023621
21025803
21025839
21027013
21031814
21031933
21032067
21055084
21055125
21065440
21067058
21068245
21069429
21079111
21079275
21085153
21085913
21086886
21089238
21090833
21092692
21095517
21098046
21099240
21099312
21107693
21128708
21131871
21132089
21138104
21139743
21140103
21140190
21140687
21140691
21140693
21140788
21151807
21151829
21178773
21179395
21198838
21203362
21208736
21209471
21211640
21220798
21229307
21273298
21279081
21283681
21290392
21296558
21302505
21304322
21304323
21304326
21304328
21304329
21304330
21304332
21304399
21304401
21313908
21314758
21319034
21321672
21323515
21331174
21331979
21335369
21335697
21336332
21337924
21339444
21341322
21341355
21341439
21343003
21343063
21343109
21343353
21343557
21343939
21344065
21344196
21344245
21344801
21344808
21344811
21344816
21344852
21344856
21345220
21345244
21345267
21345272
21345275
21345644
21346844
21346850
21347327
21347366
21347401
21347998
21348001
21348004
21348007
21348014
21348026
21348068
21348173
21348193
21348484
21348528
21348816
21348927
21348953
21348972
21348981
21349065
21349069
21349076
21349081
21349084
21349088
21349090
21349093
21349097
21349101
21349106
21349108
21349111
21349123
21349175
21349318
21349339
21349349
21349360
21349369
21349415
21349432
21349454
21349458
21349462
21349501
21349556
21349648
21349709
21349895
21349896
21349902
21349904
21349931
21350035
21350037
21350059
21350082
21350096
21350098
21350099
21350100
21350103
21350107
21350109
21350110
21350113
21350116
21350118
21350119
21350121
21350123
21350127
21350128
21350129
21350130
21350136
21350138
21350143
21350148
21350151
21350152
21350157
21350165
21350168
21350170
21350171
21350172
21350175
21350176
21350179
21350190
21350191
21350193
21350196
21350198
21350199
21350200
21350208
21350216
21350219
21350220
21350226
21350232
21350239
21350243
21350248
21350261
21350265
21350266
21350267
21350271
21350276
21350277
21350279
21350282
21350285
21350309
21350314
21350331
21350333
21350334
21350342
21350351
21350353
21350356
21350363
21350373
21350428
21350572
21350934
21351091
21351138
21351376
21351427
21353634
21353635
21353636
21353637
21353638
21353639
21353640
21353641
21353642
21353643
21353644
21353645
21353646
21353647
21353648
21353649
21353650
21353651
21353652
21353653
21353654
21353655
21353656
21353657
21353658
21353659
21353660
21353661
21353662
21353663
21353664
21353666
21353667
21353669
21353670
21353671
21353672
21353673
21353674
21353675
21353676
21353677
21353678
21353679
21353680
21353681
21353682
21353684
21353685
21353686
21353687
21353688
21353689
21353690
21353691
21353692
21353693
21353694
21353697
21353698
21353700
21353701
21353702
21353703
21353704
21353705
21353706
21353707
21353709
21353710
21353711
21353712
21353713
21353714
21353715
21353716
21353717
21353718
21353719
21353720
21353721
21353722
21353723
21353724
21353725
21353726
21353727
21353728
21353729
21353730
21353733
21353734
21353735
21353736
21353737
21353738
21353739
21353740
21353742
21353743
21353746
21353747
21353748
21353755
21353758
21353759
21353761
21353762
21353764
21353765
21353768
21353770
21353771
21353772
21353773
21353776
21353777
21353778
21353780
21353781
21353782
21353783
21353785
21353786
21353787
21353788
21353789
21353790
21353791
21353792
21353794
21353796
21353797
21353798
21353799
21353800
21353801
21353802
21353803
21353804
21353805
21353806
21353807
21353808
21353809
21353810
21353811
21353812
21353813
21353819
21353821
21353822
21353823
21353825
21353827
21353830
21353831
21353834
21353835
21353837
21353840
21353841
21353842
21353846
21353847
21353848
21353849
21353850
21353851
21353852
21353853
21353854
21353855
21353856
21353857
21353861
