16833
30996
154794
235314
253348
275211
291820
303730
381753
382406
398183
405659
419652
432347
452860
458286
468220
475437
491952
494178
522748
541730
551343
566641
587005
587080
678353
694829
749752
803359
807249
807388
823676
840027
853160
857475
893112
894520
912912
924776
938611
938985
941365
947774
959896
963895
977073
980493
1017032
1023658
1074755
1081691
1082383
1087196
1104938
1113985
1124296
1132064
1133104
1174458
1208944
1214845
1215577
1235605
1276305
1283576
1312209
1330078
1347815
1366676
1384242
1401251
1403028
1527724
1551873
1609613
1661867
1690366
1691416
1758234
1758279
1767025
1787677
1815994
1881546
1906913
1923946
1937185
1941964
1956303
1961156
2000641
2056716
2091501
2113116
2114551
2153417
2221289
2223896
2227555
2228252
2250994
2306855
2310882
2375493
2379375
2390926
2402196
2410615
2425978
2608097
2633758
2634028
2636416
2700022
2723287
2757063
2772003
2783941
2792904
2800562
2809900
2814322
2837824
2855920
2868845
2875127
2913769
2943137
2986372
3061157
3074018
3107285
3108817
3109559
3109866
3117197
3119419
3155307
3165695
3173267
3204140
3238501
3288980
3292423
3317344
3341817
3390642
3420687
3459239
3462255
3580134
3666732
3728673
3779184
3794902
3811913
3812689
3816362
3831401
3832099
4005319
4028234
4052957
4076744
4110811
4160877
4175278
4179465
4183273
4201263
4226727
4238031
4245809
4252150
4273082
4277251
4287410
4395122
4503275
4512706
4525383
4525571
4555318
4565299
4585755
4585965
4591732
4592586
4634218
4665337
4676131
4696163
4708879
4711410
4725333
4737583
4747237
4760501
4807036
4823221
4838253
4878396
4932440
4953509
5376594
5392705
5394779
5427271
5431383
5447513
5447514
5447540
5483784
5488107
5495582
5495920
5522448
5522624
5542102
5545115
5551342
5569599
5569644
5569651
5569686
5569845
5569853
5588397
5588717
5588736
5589839
5591046
5596900
5600573
5600980
5601120
5605561
5612350
5623983
5625140
5625704
5625914
5626894
5626903
5632218
5654560
5693726
5701560
5701747
5702599
5702926
5706761
5727779
5729050
5729846
5732006
5734831
5735048
5735050
5735119
5735285
5735312
5764525
5793573
5796419
5796508
5812437
5815583
5825070
5832203
5833217
5833925
5842712
5844964
5871041
5873083
5877995
5924909
5937000
5940798
5945906
5991699
6020088
6045611
6053812
6055582
6066480
6074432
6080303
6086865
6101141
6115097
6148752
6160290
6171543
6172742
6174872
6175356
6177811
6190555
6193445
6199751
6212533
6213410
6236601
6247399
6249374
6299125
6299270
6307257
6316536
6324677
6341253
6351973
6353984
6392985
6398479
6405884
6408694
6416263
6422641
6426792
6427323
6443662
6446591
6459340
6481696
6489957
6498540
6504060
6525743
6536294
6537514
6578339
6609776
6616751
6621554
6622364
6634605
6645233
6659210
6665958
6668080
6674692
6715460
6744269
6786794
6797331
6805720
6815784
6827291
6857949
6861872
6863345
6868250
6872620
6875827
6878181
6882310
6930459
6955461
6966360
6990116
7004827
7014617
7064888
7097310
7103995
7106089
7106743
7121338
7122328
7150661
7173745
7182387
7207246
7252905
7253092
7259541
7302662
7309965
7319247
7329060
7334337
7335161
7338811
7353596
7358089
7367035
7397521
7398733
7403829
7414043
7420603
7426092
7440586
7451508
7453161
7453937
7456761
7456862
7466684
7497390
7510486
7510956
7549386
7557238
7559479
7565385
7570179
7570531
7576187
7595008
7604410
7634074
7636628
7650394
7653894
7669696
7684257
7684570
7707105
7720748
7724140
7735064
7743422
7791154
7797239
7797942
7800699
7802719
7832558
7833644
7835814
7840082
7841015
7867631
7874357
7881745
7901051
7907511
7934949
7940492
7973466
8006098
8016446
8017924
8026185
8032242
8050137
8050208
8058052
8064362
8073049
8073050
8075738
8084536
8135008
8150273
8152321
8172418
8194316
8207805
8232550
8239447
8239924
8241391
8246678
8251275
8269159
8284162
8294803
8305146
8307477
8337007
8357628
8373011
8393877
8409789
8426439
8428326
8430619
8445832
8456860
8464401
8472466
8473645
8541164
8553335
8570224
8578524
8588428
8640202
8640591
8660113
8676518
8698201
8705812
8733380
8735452
8737824
8752152
8761437
8770924
8808844
8813391
8836576
8871628
8890990
8903823
8918669
8940493
8941266
8945270
8962950
8969754
8992230
9014590
9015725
9030762
9032662
9046069
9048714
9073206
9083603
9108987
9135002
9140305
9150723
9162957
9179562
9180560
9183350
9190714
9192391
9202323
9234855
9247843
9274614
9291471
9292053
9312424
9326047
9333892
9339933
9347865
9371710
9378430
9380799
9380880
9393546
9418927
9431772
9435465
9437283
9463701
9497249
9515889
9517392
9527416
9577585
9577598
9578706
9585630
9644695
9671757
9707990
9790094
9807342
9808116
9821057
9822712
9830648
9834638
9838634
9841960
9847223
9855654
9869103
9869525
9869677
9879420
9889444
9891329
9905641
9931075
9949125
9950847
9975383
9992804
10008319
10025967
10062602
10077615
10101753
10111417
10120160
10145764
10155294
10163017
10163529
10165000
10199716
10206048
10218385
10228894
10246315
10259216
10263007
10267254
10274163
10300387
10314996
10322759
10342843
10350507
10366433
10370933
10372811
10372911
10404585
10408934
10413718
10413803
10416136
10421830
10443517
10446924
10454860
10468217
10500278
10614271
10654460
10750656
10826695
10972230
11033381
11119974
11157762
11201835
11247158
11289360
11300235
11328709
11388044
11388045
11538455
11538456
11538457
11538458
11541977
11589508
11591117
11591488
11592353
11592354
11601812
11615313
11626473
11695634
11695646
11695729
11695732
11738575
11771660
11774572
11831387
11862443
11890230
11890239
11912082
11965450
11982265
11992389
11993734
12046861
12051215
12051652
12053064
12062853
12064099
12068250
12075759
12078280
12091778
12103850
12156025
12173567
12240075
12241430
12659670
12667528
12687029
12734661
12757823
12760755
12764827
12767741
12813809
12826797
12828181
12841895
12847791
12870446
12899002
12901203
12941664
12941672
12977558
12983758
12986686
12989420
13032977
13050625
13069377
13076326
13094993
13114298
13114301
13114303
13138950
13250511
13251736
13253502
13291511
13315894
13321839
13353007
13453649
13493454
13657812
13696074
13698118
13718518
13758996
13763993
13786394
13803526
13860021
13868369
13868371
13904356
13904414
13910538
13986804
13989480
14036812
14071433
14071599
14075161
14077804
14102305
14130130
14133013
14155650
14374898
14424851
14498964
14503189
14503198
14516685
14609843
14641101
14642850
14643249
14661765
14681750
14689298
14698546
14700147
14712795
14712932
14723629
14723630
14723631
14728138
14729907
14730174
14730236
14730350
14732073
14732465
14732733
14733223
14750036
14753444
14810363
14820311
14840150
14907217
14928036
15011441
15029323
15043162
15072378
15099318
15127953
15161248
15254827
15263404
15290473
15291101
15336077
15344447
15355124
15405064
15500986
15539227
15556520
15584960
15622508
15651779
15668231
15674558
15695762
15946960
16034400
16048230
16048232
16069330
16075993
16075994
16102743
16129801
16129822
16129830
16147285
16149959
16185299
16219271
16278209
16282440
16290993
16340752
16351270
16374080
16411360
16419302
16443116
16450928
16469964
16474257
16490985
16553209
16555393
16555394
16555396
16559545
16561988
16561989
16561990
16562573
16562575
16562576
16562577
16562578
16562579
16562580
16562581
16562582
16562583
16562584
16562585
16563005
16563006
16563008
16563009
16563010
16563011
16563012
16565848
16565849
16565850
16600156
16630449
16636513
16649489
16670513
16705934
16719183
16737058
16807998
16810414
16831787
16868927
16916777
16962729
16975030
17015895
17020903
17071475
17087312
17119653
17146634
17175341
17179801
17183044
17273341
17275533
17276140
17277023
17300252
17312955
17331398
17448866
17467471
17471382
17508437
17510675
17519204
17563808
17566190
17574670
17606794
17610662
17627010
17632721
17633833
17641821
17662610
17674799
17698048
17723306
17728042
17749690
17759922
17765311
17811782
17856034
17882168
17906972
17923149
17949467
17957646
17957682
17957706
17957730
17957751
17959732
17959757
17959767
17960545
17962467
17965671
17989623
17993578
17998557
17998939
17998945
17998956
17998969
17998973
17999546
17999574
17999582
17999594
17999637
17999650
17999678
17999737
17999749
17999763
17999772
17999776
17999785
17999791
17999793
17999797
17999798
17999808
17999813
17999814
17999821
17999841
17999851
17999893
18008940
18012800
18017445
18020370
18023282
18027775
18052444
18069443
18099812
18103256
18105137
18117048
18152657
18173556
18186940
18219884
18222807
18250657
18256740
18287973
18338209
18341080
18345516
18349714
18352664
18353378
18358528
18362473
18369938
18370663
18403958
18404825
18418999
18445077
18447324
18447652
18454015
18497410
18509438
18512050
18512974
18513357
18520778
18531342
18534429
18540228
18546593
18551937
18588822
18592941
18629317
18636834
18645518
18646297
18650651
18651486
18651518
18665926
18668518
18669985
18681867
18695921
18700886
18729169
18775041
18788423
18788492
18788775
18800305
18801507
18802016
18807698
18809157
18810816
18812290
18817087
18817109
18820112
18833895
18834220
18835686
18851126
18882242
18887457
18893842
18922440
18949035
18949036
18957569
18976426
18978607
18982019
18984329
18984360
18993282
18993799
18994385
18994688
18995082
18995399
18995460
19004437
19017157
19021059
19023836
19024443
19025346
19025394
19025433
19048066
19059264
19060852
19075150
19098901
19099031
19099192
19099215
19099284
19112306
19112564
19119369
19119500
19119892
19125309
19130785
19130801
19139945
19147502
19151204
19158756
19164322
19169406
19169490
19169969
19189655
19193145
19194040
19197805
19197899
19197936
19211302
19214621
19219982
19225685
19229623
19234728
19235883
19239295
19240069
19240086
19246266
19256486
19268717
19270226
19276591
19279537
19286352
19290068
19291923
19292355
19300485
19307125
19327493
19336905
19342257
19364052
19368214
19369964
19371138
19374475
19378418
19380946
19395236
19397193
19397723
19397873
19399414
19399652
19407158
19418823
19432181
19451238
19451367
19451374
19451585
19451668
19458049
19458146
19458174
19458186
19458194
19468363
19478312
19479029
19479086
19485801
19490146
19494353
19505125
19505158
19505460
19509640
19509688
19522179
19522879
19531485
19536881
19539723
19546165
19546527
19561842
19563147
19567383
19567725
19571436
19575986
19580735
19582071
19583045
19583470
19605286
19617381
19618159
19627834
19642759
19651201
19652164
19653940
19657292
19660576
19667415
19669521
19671644
19688828
19696448
19756888
19756975
19760193
19765846
19772726
19786382
19789488
19819217
19849755
19852949
19853282
19853893
19856201
19858477
19858976
19859043
19859612
19863601
19863793
19863947
19864124
19865725
19870444
19892614
19892622
19899410
19926469
19926711
19926743
19959556
19960898
19961296
19964366
19964377
19966532
19975026
19975029
19984897
19985190
19985208
19985236
19985265
19992951
19993145
20009404
20028291
20028612
20028615
20029268
20036501
20043185
20046240
20046641
20049324
20049760
20050661
20058535
20059872
20059935
20061332
20061352
20061711
20061716
20061787
20061803
20061809
20061867
20061937
20061954
20061966
20061979
20062007
20062020
20062164
20062203
20069177
20082574
20086420
20086490
20086526
20086558
20086564
20086575
20086579
20089957
20097483
20128641
20134951
20160816
20160822
20165122
20179407
20179682
20179819
20179899
20183415
20183661
20199585
20223578
20230599
20230611
20230651
20251489
20252483
20264084
20281231
20283365
20283597
20290186
20297187
20297188
20304280
20304287
20312721
20313549
20314734
20316508
20317499
20324808
20344646
20345225
20348030
20355058
20359333
20359653
20359655
20361288
20364288
20377960
20385729
20389810
20390319
20391540
20391843
20394066
20406063
20410457
20410497
20414153
20414586
20418110
20423195
20425418
20425682
20425717
20425745
20425852
20430000
20435805
20447737
20448007
20448303
20451171
20451188
20452004
20453127
20459876
20465620
20465660
20465955
20466142
20466293
20466461
20467172
20467190
20471694
20472748
20473573
20475004
20478184
20478248
20479915
20481441
20486085
20486692
20493478
20493538
20493641
20494573
20496201
20498573
20501715
20503171
20503346
20508492
20512462
20518350
20518571
20529471
20534556
20537149
20537834
20539022
20541473
20542636
20543934
20544419
20545568
20545995
20546033
20546381
20550114
20550469
20550495
20550600
20553708
20560411
20560754
20560755
20561200
20563047
20563330
20563749
20564133
20564197
20566180
20567682
20570846
20572258
20573254
20574223
20574728
20578285
20578293
20579854
20580418
20582650
20585966
20586542
20592273
20592288
20594014
20594439
20598402
20600092
20600093
20600095
20603458
20603543
20604801
20609162
20610319
20610338
20611494
20611499
20612265
20613336
20618539
20625841
20628984
20629915
20630021
20630217
20630703
20635035
20635311
20636139
20636908
20636910
20637439
20638301
20639544
20645105
20646237
20646851
20646953
20647359
20648344
20648565
20650839
20653338
20659306
20661701
20662050
20662464
20665699
20668312
20668327
20669418
20671883
20675719
20679937
20680895
20681699
20681995
20684238
20689823
20691802
20691803
20692372
20693162
20693993
20694006
20696710
20696899
20697699
20700113
20701007
20702372
20703797
20704700
20704734
20707868
20712125
20712779
20712780
20712782
20712892
20712898
20712950
20717160
20721353
20725224
20727337
20730312
20730333
20730692
20731137
20731539
20731565
20732210
20732524
20732727
20734219
20735438
20736341
20743110
20743372
20743636
20743690
20745081
20745420
20748022
20749652
20750648
20750832
20752801
20754807
20754860
20755030
20755960
20759456
20759868
20760918
20761640
20761802
20761817
20765674
20765927
20767973
20768669
20768901
20771763
20772038
20772640
20773537
20774898
20779232
20780269
20782935
20784861
20787665
20789479
20790190
20791256
20791378
20793273
20793978
20797736
20797876
20798363
20799014
20799037
20800102
20800112
20801210
20803338
20804174
20805527
20806001
20806116
20807268
20808651
20808737
20809364
20809420
20810651
20815414
20817402
20818319
20818917
20820826
20820831
20821169
20823262
20823656
20830128
20830517
20832717
20834791
20835360
20836292
20836296
20836303
20837397
20838860
20838915
20838994
20840378
20842047
20842655
20842744
20842857
20843178
20844296
20846019
20846081
20846560
20847413
20848634
20850433
20850850
20851770
20852188
20852911
20853739
20854058
20854083
20857595
20857867
20858794
20859100
20859573
20860744
20861371
20861373
20861773
20861784
20862171
20862439
20862456
20863269
20863290
20863369
20863435
20863654
20863740
20864607
20865099
20865830
20866589
20866738
20868866
20869296
20869582
20875474
20878631
20879480
20880321
20881961
20882340
20883536
20887865
20888324
20888348
20888537
20888856
20889529
20889604
20889774
20890679
20891136
20891792
20892764
20893084
20894272
20895303
20895304
20895305
20895307
20895512
20896695
20896936
20897105
20897237
20897709
20898609
20901010
20901261
20901268
20902184
20902259
20903061
20903951
20904457
20904500
20906573
20907378
20909561
20909885
20912186
20912200
20912312
20912782
20912832
20913352
20913590
20914185
20914284
20914425
20914426
20914430
20914842
20915071
20915587
20915837
20919314
20922127
20922332
20924328
20925233
20925627
20925869
20926146
20926542
20926704
20926734
20926815
20927643
20928081
20928782
20928957
20929478
20930378
20930942
20931793
20931843
20931992
20932076
20932476
20932598
20932696
20933001
20934290
20934440
20934907
20935040
20935284
20935285
20935287
20935288
20935378
20935729
20936195
20939744
20939757
20940620
20942249
20943510
20944824
20945141
20946089
20946157
20946365
20947023
20947041
20947917
20947950
20947998
20948054
20948101
20948924
20950181
20950198
20950249
20950340
20950628
20950907
20951415
20951677
20953402
20953997
20954878
20955958
20956150
20956464
20959615
20959653
20960074
20960108
20963413
20963828
20964225
20966081
20968382
20968473
20969195
20970070
20970307
20970555
20974208
20975091
20977642
20977643
20977645
20977649
20980079
20980083
20980085
20980088
20980092
20980094
20980138
20980140
20980143
20980145
20980148
20980150
20982352
20982946
20984449
20984451
20985645
20985648
20985651
20985654
20986167
20986625
20986639
20986786
20989017
20990909
20991079
20991515
20991881
20993328
20994470
20995898
20997347
20997423
20999031
20999065
20999923
20999964
21000029
21000045
21000058
21000061
21000071
21000085
21000117
21000134
21000143
21000153
21000324
21000813
21000936
21001156
21001170
21001639
21005081
21005966
21008502
21008725
21010257
21010935
21011724
21012739
21012792
21013085
21013513
21015586
21015777
21017601
21018213
21018872
21020014
21020120
21020462
21024380
21025052
21025221
21028431
21028979
21029620
21029927
21029935
21030037
21030041
21030207
21030209
21030210
21030213
21030218
21030916
21031282
21031299
21031383
21032995
21033219
21033243
21034057
21034967
21035043
21042074
21042735
21044673
21044688
21045013
21045820
21045837
21045903
21046060
21046574
21046774
21046911
21046961
21047137
21047484
21048079
21048094
21048601
21048624
21049373
21050235
21050516
21050727
21051079
21051135
21051197
21051769
21052104
21052426
21052674
21053145
21054935
21055042
21055589
21055599
21055604
21055623
21055641
21055672
21056418
21057287
21057425
21058218
21058695
21058747
21058927
21058995
21065333
21065356
21065798
21066179
21066987
21067081
21067326
21067496
21067908
21068266
21068832
21068928
21068961
21069387
21069430
21069446
21074780
21075539
21075597
21075941
21075974
21076052
21076544
21076551
21076553
21076579
21076597
21076603
21076633
21076640
21076647
21076756
21077182
21077184
21077189
21077523
21078750
21078887
21079164
21079375
21079428
21085348
21085643
21086015
21086502
21086700
21089416
21089512
21090055
21090324
21090699
21090898
21091583
21092884
21093554
21094026
21094054
21094169
21094384
21094472
21095224
21095743
21095780
21095957
21096319
21096512
21096690
21096756
21097030
21097981
21098524
21098693
21098742
21098774
21098814
21099015
21099419
21099748
21099761
21100734
21101499
21102056
21102485
21102583
21102876
21103212
21103397
21103538
21103815
21103848
21103869
21103927
21103931
21104275
21105925
21106471
21106525
21106854
21107074
21107230
21107414
21107693
21108803
21108804
21108847
21108870
21111271
21111438
21111456
21111969
21113563
21113904
21114344
21115600
21115732
21116271
21116441
21116454
21116609
21116634
21116712
21117562
21118564
21118568
21118868
21118914
21119097
21119298
21119345
21119961
21120801
21120822
21121884
21121941
21122070
21122176
21122725
21123268
21123369
21123373
21123389
21123431
21123702
21123960
21124121
21125191
21125515
21126959
21127161
21128278
21128280
21128758
21131348
21131557
21131765
21131959
21132318
21132706
21132918
21134859
21138227
21139144
21139338
21139767
21140190
21140440
21140848
21140902
21141271
21141534
21141911
21143095
21143726
21144457
21145017
21147154
21147427
21148015
21148228
21148554
21148839
21148946
21148955
21148970
21149836
21149887
21151807
21151829
21152690
21152970
21154199
21154776
21166803
21167451
21179395
21190654
21190818
21192396
21193155
21193726
21195934
21196213
21196560
21196576
21196874
21197004
21197339
21197804
21198504
21198523
21199232
21200261
21200267
21201541
21202618
21202700
21203087
21203503
21206043
21208013
21208174
21208268
21208736
21209077
21209587
21209760
21210491
21210862
21210987
21211077
21211287
21211640
21211795
21211808
21211855
21212014
21212170
21212611
21213192
21213802
21214870
21214875
21216576
21216580
21216585
21216586
21217745
21218500
21219085
21219748
21219751
21220443
21221028
21223866
21224403
21224435
21227392
21228762
21228947
21228982
21229005
21229012
21229049
21229105
21229114
21229119
21229129
21229135
21229190
21229307
21229792
21230097
21230172
21230521
21237813
21241516
21242578
21244767
21245467
21245875
21253883
21254063
21254065
21254066
21254072
21254073
21254085
21254088
21254093
21254101
21254112
21254224
21254227
21254233
21254247
21254248
21254407
21254421
21255416
21255998
21256420
21267418
21267692
21267693
21267694
21267696
21267699
21267701
21267702
21267703
21267704
21267706
21267709
21267710
21267711
21267712
21267713
21267726
21267727
21267729
21267730
21267735
21267737
21267750
21269715
21269723
21269761
21269789
21269956
21270094
21270616
21270617
21270618
21270619
21270620
21270621
21270622
21270623
21270625
21270786
21270810
21271282
21271428
21271429
21271430
21271431
21271432
21271433
21271436
21271437
21271442
21271443
21271445
21273025
21273212
21273298
21273320
21273332
21273380
21273827
21274411
21276288
21279078
21279955
21280783
21281055
21282897
21283288
21283392
21283710
21285631
21285632
21285723
21285886
21285887
21285888
21285890
21285891
21285892
21285893
21285896
21285901
21285905
21285908
21285909
21285910
21285911
21285912
21285914
21285915
21285916
21285917
21285957
21285981
21285983
21285984
21285985
21285987
21285990
21285993
21285994
21285996
21286000
21286292
21286358
21286422
21286439
21286511
21286513
21286514
21286592
21286758
21286760
21286810
21286812
21286976
21286998
21287017
21287272
21287274
21287275
21287280
21287287
21287288
21287477
21288363
21288600
21288663
21288691
21288775
21289457
21290291
21290392
21291082
21292288
21293320
21293324
21293326
21293331
21293333
21293335
21293339
21293340
21293342
21293343
21293360
21293493
21293498
21293499
21293500
21293501
21293507
21293508
21293510
21293513
21294141
21294729
21295631
21295879
21296524
21297265
21297948
21300207
21300892
21303393
21304088
21304134
21304144
21304228
21304593
21304598
21304600
21304603
21304662
21304663
21304673
21304691
21304696
21304697
21304704
21304715
21304717
21304719
21305604
21311965
21313144
21313150
21313169
21315643
21315644
21315645
21315646
21315647
21315648
21315649
21315650
21315651
21316645
21316660
21316722
21317133
21317138
21317392
21317923
21317977
21318130
21318149
21318161
21318217
21318303
21318324
21318430
21318570
21318632
21318712
21319032
21319177
21320724
21320729
21320734
21320772
21320816
21320819
21320932
21320975
21320987
21321007
21321020
21321035
21321224
21321227
21321393
21321433
21321434
21321455
21321477
21321487
21321515
21321620
21321653
21321656
21321730
21322119
21322679
21322728
21322774
21323312
21323359
21324903
21324904
21324905
21324906
21324907
21324908
21324909
21324910
21324911
21324912
21324913
21324914
21324915
21324917
21324918
21324919
21324923
21324924
21324925
21324927
21324928
21324929
21324930
21324931
21324934
21324936
21324937
21324938
21324939
21324940
21324942
21324944
21324946
21325205
21325661
21325834
21325837
21325841
21325846
21325849
21325862
21326178
21326196
21326218
21326241
21326269
21326557
21326574
21326607
21326611
21326632
21326692
21326761
21326820
21330076
21330850
21330905
21331124
21331234
21332535
21332775
21332810
21332865
21333148
21333731
21333783
21333788
21333804
21333813
21333875
21333898
21333914
21333933
21333940
21334038
21334050
21334058
21334075
21334081
21334097
21334493
21334812
21334828
21334833
21334844
21334936
21335506
21335697
21335872
21336332
21336929
21337032
21337165
21337204
21337395
21337450
21337459
21337598
21337720
21338102
21338289
21338863
21338944
21339091
21339444
21339461
21339494
21339657
21339671
21339678
21339762
21339768
21339771
21339776
21339782
21339804
21339981
21340105
21340247
21340265
21340283
21340570
21340574
21340587
21340698
21341094
21341485
21341565
21341703
21342075
21342106
21342213
21342214
21342216
21342218
21342220
21342222
21342238
21342242
21342244
21342516
21342556
21342633
21342659
21342755
21342800
21342899
21342906
21342947
21342960
21342982
21343003
21343022
21343063
21343079
21343108
21343109
21343115
21343128
21343135
21343153
21343172
21343179
21343182
21343198
21343223
21343557
21344022
21344032
21344043
21344065
21344122
21344163
21344403
21344455
21344483
21344557
21344585
21344700
21344848
21344852
21344856
21344858
21344884
21344892
21344894
21344993
21345171
21345220
21345244
21345255
21345267
21345272
21345275
21345359
21345563
21345572
21345599
21345705
21345709
21345781
21345924
21346211
21346260
21346266
21346401
21346441
21346497
21346529
21346556
21346559
21346561
21346566
21346571
21346574
21346584
21346595
21346626
21346645
21346659
21346664
21346793
21346839
21346846
21347078
21347100
21347144
21347178
21347294
21347323
21347327
21347366
21347392
21347399
21347401
21347446
21347459
21347483
21347519
21347578
21347590
21347595
21347602
21347636
21347643
21347668
21347736
21347769
21347786
21347850
21347851
21347962
21347964
21347966
21347970
21347973
21347974
21348113
21348131
21348146
21348195
21348208
21348248
21348285
21348287
21348305
21348331
21348351
21348364
21348367
21348380
21348384
21348390
21348391
21348392
21348393
21348401
21348406
21348407
21348408
21348411
21348417
21348440
21348454
21348459
21348476
21348484
21348498
21348513
21348514
21348524
21348534
21348539
21348563
21348570
21348595
21348605
21348612
21348620
21348623
21348651
21348665
21348680
21348698
21348707
21348716
21348727
21348729
21348756
21348764
21348783
21348812
21348824
21348832
21348840
21348852
21348865
21348892
21348894
21348927
21348941
21348944
21348949
21348951
21348952
21348956
21348957
21348958
21348959
21348960
21348961
21348962
21348963
21348964
21348966
21348968
21348969
21348971
21348975
21348976
21348978
21348979
21348992
21348993
21348994
21348995
21348997
21348998
21348999
21349000
21349003
21349004
21349006
21349007
21349008
21349009
21349012
21349013
21349014
21349016
21349021
21349022
21349023
21349025
21349028
21349029
21349030
21349031
21349032
21349033
21349034
21349036
21349037
21349038
21349039
21349040
21349041
21349043
21349044
21349045
21349046
21349048
21349049
21349050
21349051
21349052
21349053
21349054
21349055
21349056
21349057
21349058
21349059
21349060
21349061
21349062
21349063
21349064
21349065
21349066
21349067
21349068
21349069
21349070
21349072
21349074
21349075
21349076
21349078
21349079
21349080
21349081
21349082
21349083
21349084
21349085
21349086
21349087
21349088
21349089
21349090
21349091
21349093
21349094
21349095
21349096
21349097
21349098
21349099
21349100
21349101
21349102
21349103
21349106
21349107
21349108
21349109
21349111
21349112
21349114
21349115
21349117
21349118
21349119
21349120
21349121
21349122
21349123
21349124
21349125
21349126
21349127
21349128
21349129
21349131
21349132
21349133
21349135
21349136
21349137
21349139
21349142
21349143
21349145
21349146
21349147
21349148
21349150
21349151
21349152
21349153
21349154
21349155
21349156
21349157
21349158
21349159
21349160
21349161
21349162
21349163
21349164
21349165
21349167
21349168
21349169
21349170
21349171
21349172
21349173
21349175
21349176
21349177
21349178
21349179
21349180
21349182
21349183
21349184
21349185
21349187
21349189
21349191
21349192
21349194
21349195
21349196
21349197
21349198
21349199
21349200
21349201
21349202
21349203
21349205
21349206
21349207
21349209
21349210
21349213
21349215
21349216
21349217
21349218
21349219
21349221
21349222
21349223
21349224
21349225
21349227
21349228
21349229
21349230
21349231
21349232
21349233
21349234
21349235
21349236
21349237
21349238
21349240
21349242
21349243
21349244
21349246
21349247
21349248
21349249
21349250
21349251
21349252
21349253
21349254
21349255
21349258
21349259
21349260
21349261
21349262
21349263
21349264
21349265
21349266
21349268
21349270
21349271
21349273
21349274
21349275
21349276
21349278
21349279
21349280
21349281
21349283
21349284
21349285
21349286
21349287
21349289
21349290
21349291
21349293
21349294
21349295
21349297
21349299
21349300
21349301
21349303
21349304
21349305
21349306
21349307
21349308
21349309
21349312
21349313
21349315
21349316
21349318
21349320
21349322
21349323
21349324
21349326
21349327
21349330
21349331
21349333
21349334
21349335
21349336
21349337
21349338
21349339
21349340
21349341
21349342
21349343
21349344
21349345
21349348
21349349
21349350
21349351
21349354
21349355
21349356
21349358
21349359
21349360
21349362
21349366
21349367
21349368
21349369
21349372
21349374
21349375
21349376
21349383
21349385
21349386
21349387
21349388
21349389
21349390
21349392
21349393
21349394
21349399
21349403
21349405
21349406
21349407
21349408
21349409
21349410
21349411
21349412
21349413
21349415
21349418
21349419
21349421
21349424
21349425
21349428
21349429
21349431
21349432
21349436
21349437
21349438
21349439
21349441
21349444
21349445
21349447
21349449
21349451
21349452
21349453
21349454
21349457
21349458
21349459
21349462
21349463
21349464
21349466
21349467
21349468
21349470
21349471
21349472
21349473
21349475
21349476
21349477
21349480
21349482
21349484
21349485
21349486
21349487
21349488
21349489
21349490
21349492
21349495
21349496
21349497
21349498
21349499
21349501
21349502
21349503
21349504
21349505
21349507
21349508
21349509
21349510
21349512
21349514
21349515
21349517
21349518
21349519
21349520
21349521
21349523
21349524
21349529
21349531
21349532
21349533
21349534
21349536
21349537
21349538
21349540
21349541
21349542
21349543
21349548
21349550
21349551
21349552
21349553
21349554
21349555
21349556
21349557
21349559
21349560
21349563
21349566
21349567
21349569
21349571
21349572
21349574
21349575
21349577
21349579
21349581
21349585
21349586
21349587
21349591
21349594
21349595
21349599
21349600
21349601
21349603
21349604
21349605
21349607
21349611
21349612
21349613
21349615
21349617
21349619
21349620
21349621
21349625
21349626
21349629
21349630
21349634
21349637
21349638
21349639
21349640
21349641
21349642
21349645
21349646
21349647
21349648
21349650
21349651
21349652
21349653
21349654
21349655
21349656
21349657
21349659
21349660
21349662
21349664
21349665
21349666
21349667
21349669
21349670
21349671
21349673
21349675
21349677
21349679
21349680
21349681
21349682
21349684
21349685
21349687
21349689
21349692
21349693
21349694
21349697
21349698
21349699
21349700
21349701
21349702
21349704
21349705
21349706
21349707
21349708
21349709
21349713
21349714
21349716
21349717
21349718
21349719
21349720
21349721
21349722
21349724
21349725
21349727
21349728
21349729
21349731
21349735
21349736
21349737
21349740
21349742
21349743
21349744
21349745
21349746
21349747
21349748
21349749
21349750
21349751
21349752
21349753
21349754
21349758
21349761
21349762
21349763
21349765
21349766
21349767
21349770
21349772
21349773
21349774
21349776
21349777
21349780
21349782
21349783
21349784
21349785
21349786
21349787
21349790
21349791
21349792
21349794
21349797
21349799
21349800
21349801
21349802
21349803
21349804
21349805
21349806
21349807
21349808
21349810
21349811
21349812
21349813
21349814
21349815
21349816
21349817
21349819
21349820
21349821
21349822
21349824
21349825
21349826
21349827
21349828
21349829
21349832
21349833
21349841
21349846
21349848
21349849
21349851
21349852
21349853
21349856
21349857
21349860
21349861
21349862
21349863
21349865
21349866
21349868
21349870
21349871
21349872
21349873
21349874
21349879
21349881
21349882
21349884
21349885
21349886
21349888
21349889
21349890
21349891
21349894
21349895
21349896
21349897
21349899
21349902
21349903
21349904
21349905
21349907
21349910
21349911
21349913
21349916
21349919
21349920
21349922
21349923
21349928
21349929
21349930
21349931
21349932
21349933
21349936
21349937
21349939
21349940
21349941
21349942
21349944
21349945
21349946
21349947
21349948
21349949
21349950
21349951
21349952
21349953
21349954
21349956
21349957
21349958
21349960
21349961
21349962
21349963
21349964
21349965
21349966
21349968
21349969
21349970
21349971
21349972
21349973
21349978
21349980
21349981
21349982
21349983
21349984
21349985
21349986
21349987
21349988
21349989
21349990
21349991
21349992
21349993
21349994
21349995
21349996
21349997
21349998
21349999
21350000
21350001
21350002
21350003
21350004
21350005
21350006
21350007
21350008
21350009
21350010
21350011
21350012
21350013
21350014
21350015
21350016
21350017
21350018
21350023
21350026
21350027
21350028
21350029
21350030
21350031
21350032
21350033
21350034
21350035
21350037
21350042
21350046
21350047
21350048
21350049
21350051
21350052
21350053
21350054
21350055
21350056
21350057
21350059
21350060
21350062
21350063
21350065
21350072
21350073
21350074
21350075
21350077
21350078
21350079
21350080
21350081
21350082
21350083
21350084
21350085
21350086
21350088
21350090
21350091
21350092
21350093
